1.276478813723547072e-06
6.618095195163013862e-07
1.975105452713237557e-07
-3.084426818717942602e-08
-1.400482307027224071e-08
1.945717843206154577e-07
5.042739127214226245e-07
8.108474558520179652e-07
1.010412344013745637e-06
1.014623629380790488e-06
7.718268671893865223e-07
2.928306525728009401e-07
-3.386729787654444086e-07
-9.822260408878187580e-07
-1.485678428197057465e-06
-1.738073347728180371e-06
-1.708607647110169697e-06
-1.451832040279046097e-06
-1.081976782528875757e-06
-7.287008365582757847e-07
-4.962998754353061006e-07
-4.363817262671809872e-07
-5.439125641348901438e-07
-7.715971499799940202e-07
-1.056439743549955857e-06
-1.344585333104001521e-06
-1.606370940247993485e-06
-1.833495898636935156e-06
-2.026308937502513413e-06
-2.179186257807245952e-06
-2.279465125773520612e-06
-2.319445641550372413e-06
-2.314373206051259708e-06
-2.308100184156173189e-06
-2.359942104072467378e-06
-2.514260051294563585e-06
-2.772535492727575602e-06
-3.084412907343539602e-06
-3.368164789276664956e-06
-3.551573509845398123e-06
-3.613648895752179264e-06
-3.599892003820250126e-06
-3.598631940994398866e-06
-3.685145708296397034e-06
-3.866044401434218250e-06
-4.055888981686261164e-06
-4.106226097186034561e-06
-3.872283335484922521e-06
-3.285650886045187594e-06
-2.393485438886405522e-06
-1.345985058043734975e-06
-3.384717917341354441e-07
4.572390215978574327e-07
9.421068934670918345e-07
1.098890061932970394e-06
9.665273506649567389e-07
5.995600359630702386e-07
3.751747103174384908e-08
-7.049935322815514912e-07
-1.626130216475823411e-06
-2.712324711681918929e-06
-3.912434283562955852e-06
-5.128823316657927980e-06
-6.232251308528178834e-06
-7.098842487455911434e-06
-7.647516452534295690e-06
-7.859287524634213728e-06
-7.770532012479345314e-06
-7.453165018916353285e-06
-6.995846365692332070e-06
-6.498858811460434752e-06
-6.075028982590854354e-06
-5.843913167468206015e-06
-5.904375723523987165e-06
-6.294137938536668842e-06
-6.959313440208442166e-06
-7.760327008225956818e-06
-8.516234907963079405e-06
-9.068574060012615085e-06
-9.331570007333216712e-06
-9.307115771922517918e-06
-9.060305102039215480e-06
-8.678187986679344586e-06
-8.234735200076509002e-06
-7.781719625081621688e-06
-7.363636121903426023e-06
-7.041851953805031084e-06
-6.905518963328381612e-06
-7.057511853795141475e-06
-7.575609114188251981e-06
-8.464967455205787980e-06
-9.621864300784049094e-06
-1.083363402948329117e-05
-1.182751886149934071e-05
-1.236255977600919095e-05
-1.232508435874811068e-05
-1.177747547158960181e-05
-1.092487208306477500e-05
-1.001621967107162322e-05
-9.235982962808312517e-06
-8.649393528416480980e-06
-8.221437032059766901e-06
-7.884664730242771331e-06
-7.603563089562665110e-06
-7.402259236414799855e-06
-7.350881745937649757e-06
-7.530167771078429749e-06
-7.991935444911783446e-06
-8.726871391250139333e-06
-9.644613665363239779e-06
-1.057893338516683831e-05
-1.133004037270128257e-05
-1.174370826525231387e-05
-1.179473971608410231e-05
-1.162772284618264036e-05
-1.151325993752924418e-05
-1.172872147443127424e-05
-1.241980599560894291e-05
-1.352193114720936250e-05
-1.478529720088145015e-05
-1.588948217737267513e-05
-1.658082978959151793e-05
-1.676374313938899311e-05
-1.650859806385070321e-05
-1.599114602212405259e-05
-1.540384732165541020e-05
-1.488646060995816224e-05
-1.450138415941851009e-05
-1.425192152666179047e-05
-1.411719004248550595e-05
-1.407006832444797460e-05
-1.406583107083846131e-05
-1.401944910491334230e-05
-1.379996875726908042e-05
-1.326353469999401680e-05
-1.231740139712863370e-05
-1.098593850354178657e-05
-9.437827948598130444e-06
-7.957203532046561742e-06
-6.864775204883785023e-06
-6.419303729025824311e-06
-6.735376261348814196e-06
-7.747130977671359947e-06
-9.224631690659961618e-06
-1.083798675455712602e-05
-1.225747002564106329e-05
-1.326333181692107711e-05
-1.382666171358040353e-05
-1.411573696617264719e-05
-1.441302149544708395e-05
-1.497713589841763354e-05
-1.591731944370252527e-05
-1.714174830151029872e-05
-1.839948868883886779e-05
-1.938964899979915717e-05
-1.987973395767293872e-05
-1.978380715363231286e-05
-1.916171933654443689e-05
-1.815135423441297788e-05
-1.687715362291808849e-05
-1.539393139929510224e-05
-1.369892058786030645e-05
-1.180864272559285338e-05
-9.835874681616127619e-06
-8.020252599444561642e-06
-6.679248934502913307e-06
-6.105128134986519782e-06
-6.448083835378685621e-06
-7.635165852597703272e-06
-9.352057988855445110e-06
-1.109823396944290313e-05
-1.229929371191257115e-05
-1.245206624502868056e-05
-1.127049085239142598e-05
-8.793942780770918946e-06
-5.411154960388729734e-06
-1.765062372141661316e-06
1.459227172483856807e-06
3.788990853749337669e-06
5.137362953220696033e-06
5.809715787564472315e-06
6.347973050480907513e-06
7.292595973003420283e-06
8.969308197207920987e-06
1.137301782237372857e-05
1.418168262698050710e-05
1.687151244680491487e-05
1.888772771534357888e-05
1.981140313932653482e-05
1.948720696344505770e-05
1.809372996620740168e-05
1.612568233847726042e-05
1.424526645412553650e-05
1.300163623802829229e-05
1.252288645916482086e-05
1.237089145748894832e-05
1.170489310687696850e-05
9.720678791568663818e-06
6.132387992432569983e-06
1.406646266863011715e-06
-3.396184200853215497e-06
-7.091950627782111867e-06
-8.897806054406225042e-06
-8.720680631879210816e-06
-7.078747939130432092e-06
-4.729567115558642616e-06
-2.228357652903694193e-06
3.544629892245539951e-07
3.432483440997590327e-06
7.625423924275861524e-06
1.331830481927716510e-05
2.026743919553978710e-05
2.747886271652220374e-05
3.348610008255483746e-05
3.694123442002966349e-05
3.722037328781038399e-05
3.471312068216944217e-05
3.064508011601970301e-05
2.654146924467414562e-05
2.362046292634224941e-05
2.239871004837477690e-05
2.263045892032689252e-05
2.351848173354858758e-05
2.404566008778998419e-05
2.329989280699103517e-05
2.074074984816768360e-05
1.636775951854724863e-05
1.073105628617989591e-05
4.765854414097710750e-06
-4.640917405754061379e-07
-3.963865379565903722e-06
-4.881561964667193105e-06
-2.556585912003924243e-06
3.322300340869976853e-06
1.245136693814492654e-05
2.371915400815895577e-05
3.528081215269735573e-05
4.494741192817900793e-05
5.077194712158184490e-05
5.161887658653758229e-05
4.750610758059389024e-05
3.959623048484272375e-05
2.983611172773214179e-05
2.035019767869961516e-05
1.277948904414834497e-05
7.804599809553081427e-06
5.044785589593709631e-06
3.378172932117451464e-06
1.535221572171209966e-06
-1.305135515537847269e-06
-5.174207048950555296e-06
-9.333241852326880651e-06
-1.257490443110060990e-05
-1.362602079642126941e-05
-1.150616909569879399e-05
-5.787793671798726132e-06
3.244673038458210796e-06
1.457490660456141918e-05
2.665600561607975522e-05
3.784476558670871931e-05
4.690172329367732896e-05
5.329357079780482764e-05
5.716638549372300379e-05
5.909768194266252285e-05
5.984441501809828891e-05
6.022346293096285993e-05
6.109348780856687538e-05
6.329055758372489091e-05
6.738492916855281264e-05
7.328937395133672955e-05
7.996042571833707473e-05
8.550512430775606668e-05
8.780911968430218147e-05
8.543849692571950372e-05
7.832454079788526459e-05
6.784747362912242890e-05
5.628140218824290647e-05
4.590080074403108393e-05
3.816901415103894927e-05
3.335199029136421718e-05
3.065901266096941952e-05
2.876136394430205460e-05
2.638803095614871154e-05
2.275813775409059293e-05
1.776015365748920445e-05
1.190540010111067483e-05
6.113655992189422017e-06
1.378881256695584753e-06
-1.606041486863093000e-06
-2.708345644366867284e-06
-2.366615145915224727e-06
-1.338691860211077542e-06
-3.199094625641393130e-07
3.599576616497618730e-07
8.180509587790031030e-07
1.454800840579344814e-06
2.656355278058802584e-06
4.504593554641323531e-06
6.626341469691529514e-06
8.249599546914934087e-06
8.473496446474529329e-06
6.653057597186245721e-06
2.724007164960503844e-06
-2.696342567471000569e-06
-8.500931785638455953e-06
-1.350573113239025178e-05
-1.687972350865940210e-05
-1.839844206133539530e-05
-1.843441230563724333e-05
-1.771991770909487121e-05
-1.701474232005474978e-05
-1.681077693258828875e-05
-1.717124531447398764e-05
-1.773730529162550611e-05
-1.791317285369825962e-05
-1.715243197086226262e-05
-1.521901266754975974e-05
-1.230356041295535935e-05
-8.961208385230115230e-06
-5.923239461173596216e-06
-3.864334901722200486e-06
-3.195706745524805486e-06
-3.946685825338297741e-06
-5.775840554160858519e-06
-8.119833935443298634e-06
-1.042186087002973239e-05
-1.233289662954581751e-05
-1.379335012384005124e-05
-1.497885582301003248e-05
-1.615735925615583129e-05
-1.754521240349399592e-05
-1.922850999049583766e-05
-2.114734121969658092e-05
-2.312411133934319231e-05
-2.490741016701073518e-05
-2.621663027519221007e-05
-2.678303609353451379e-05
-2.640248264919438316e-05
-2.502298035966259276e-05
-2.284177885684572423e-05
-2.034027792039368762e-05
-1.817834329491796922e-05
-1.695957369155960478e-05
-1.697964759528789886e-05
-1.810729960347014710e-05
-1.986815350959963793e-05
-2.166577762072851427e-05
-2.301111062124942504e-05
-2.364620910255917817e-05
-2.353584145883203313e-05
-2.278102035357690113e-05
-2.153874411232661597e-05
-1.997591607013518867e-05
-1.823268898864925268e-05
-1.638566545844683396e-05
-1.444773985195510885e-05
-1.242951094341541943e-05
-1.042621607229435420e-05
-8.664247755696101523e-06
-7.457700798609124593e-06
-7.096991063097806328e-06
-7.726517683684409752e-06
-9.269519597920300216e-06
-1.143570466242856799e-05
-1.381646032655143460e-05
-1.602552540675867488e-05
-1.781299232396789837e-05
-1.910042510108561937e-05
-1.993355801261381829e-05
-2.040929917031457337e-05
-2.063675860805983030e-05
-2.073155589047681320e-05
-2.079245308181224862e-05
-2.083646866350720824e-05
-2.074153182759279506e-05
-2.026354192398525239e-05
-1.914652604645953509e-05
-1.726842650740874447e-05
-1.473858426445589971e-05
-1.188441440397043710e-05
-9.122644430818012894e-06
-6.773244311982574440e-06
-4.916178055870412915e-06
-3.372594518871931405e-06
-1.834929834710058628e-06
-8.921027925352123172e-08
1.788036515483356889e-06
3.382367052396144947e-06
4.093315743620129217e-06
3.417741397320889157e-06
1.213740061888186332e-06
-2.201996895107270910e-06
-6.182104460998122603e-06
-1.004464857246466274e-05
-1.340358735536756302e-05
-1.637982587197196586e-05
-1.957934754542790568e-05
-2.382281643073823124e-05
-2.973375858424860368e-05
-3.738376797754159079e-05
-4.617812874833632350e-05
-5.504361532532421006e-05
-6.282630734850840374e-05
-6.870760430266626155e-05
-7.244762955396178371e-05
-7.435939883168856540e-05
-7.505609434441881396e-05
-7.511854537090636172e-05
-7.484400880206629799e-05
-7.417046871323803854e-05
-7.277191349335260121e-05
-7.025541031755654043e-05
-6.636555338366069195e-05
-6.113353656525420861e-05
-5.493304990394393708e-05
-4.842459857187921901e-05
-4.237751100016497034e-05
-3.740343490830353769e-05
-3.370359346715927823e-05
-3.096468577090534356e-05
-2.850172129362146665e-05
-2.561622885959846798e-05
-2.198493540363851374e-05
-1.785155559963933695e-05
-1.391493998536973926e-05
-1.099751854252104711e-05
-9.692131434141817265e-06
-1.016786421705044737e-05
-1.217216405613726101e-05
-1.515736511685862122e-05
-1.843751930128396748e-05
-2.133518086801239542e-05
-2.332390658413509472e-05
-2.415618626817704747e-05
-2.390992591350908359e-05
-2.288870939469587389e-05
-2.139339770282447259e-05
-1.949353648282623299e-05
-1.694152630415887717e-05
-1.330530901232194492e-05
-8.249242416063534524e-06
-1.784961905227794098e-06
5.640881961678775527e-06
1.324280213814182423e-05
2.010622093795250370e-05
2.541483138496362755e-05
2.861411045645887417e-05
2.949388026371779339e-05
2.819375904314508905e-05
2.513953635346400346e-05
2.091652563767801103e-05
1.612624148911381234e-05
1.128693024015292999e-05
6.824518168936462996e-06
3.125671501451676774e-06
5.629491321343622652e-07
-5.720183899524747739e-07
-2.056040622348019328e-07
1.417565536709844011e-06
3.763559365268594715e-06
6.172836444170462908e-06
8.088468882986773187e-06
9.246100230215209542e-06
9.751039685915637712e-06
1.002833478658161005e-05
1.066570837462900359e-05
1.220367573316161696e-05
1.492497641623875936e-05
1.871643467211507245e-05
2.305939556887683903e-05
2.717294220042102969e-05
3.027891264219812590e-05
3.189853641668663497e-05
3.205063975640545099e-05
3.125226474970105582e-05
3.030962052406497315e-05
2.999348651827381067e-05
3.076095156287874180e-05
3.264940830693893070e-05
3.535075743439976563e-05
3.836542431817923537e-05
4.111769525868187735e-05
4.300782929512704582e-05
4.347082320635409903e-05
4.210127884830629805e-05
3.880663979541098044e-05
3.388071923426352379e-05
2.793113724707278409e-05
2.169416304860398570e-05
1.583891427547880771e-05
1.085165596953801971e-05
7.018100435439470949e-06
4.465254099477594324e-06
3.210001259552065779e-06
3.179466683056102128e-06
4.200953515097697765e-06
5.991599643293116624e-06
8.188464791125431503e-06
1.043825778946874947e-05
1.251739133302644649e-05
1.441834321380149183e-05
1.634550979626558633e-05
1.861091586052409774e-05
2.147619956116550080e-05
2.501714703221990339e-05
2.906101142578212262e-05
3.320070579655146661e-05
3.686111458646200770e-05
3.940241334562926280e-05
4.025956951794820444e-05
3.909880639489417547e-05
3.592689930146927211e-05
3.109227942679447385e-05
2.517066308751032282e-05
1.879469111530350533e-05
1.250987294340046370e-05
6.708720128008273808e-06
1.643360901959187897e-06
-2.517484490062498640e-06
-5.634326090465279413e-06
-7.581897758790184235e-06
-8.287415664645673434e-06
-7.798215315646673984e-06
-6.328139043962351283e-06
-4.233503023493524440e-06
-1.913831163751949544e-06
3.225521089690378889e-07
2.367513114626245044e-06
4.349890138617969053e-06
6.574878909772382216e-06
9.368817690940479731e-06
1.287815230050451144e-05
1.692251310858791782e-05
2.099873991116533135e-05
2.445587027632395547e-05
2.674993739763342090e-05
2.763148432585599482e-05
2.716828020983484592e-05
2.562408156841815483e-05
2.329684883183641547e-05
2.041655388775236052e-05
1.713245202105066718e-05
1.355620002567341692e-05
9.814438582402227134e-06
6.081750847083331997e-06
2.582690301582046453e-06
-4.391926288540052010e-07
-2.781786810156702788e-06
-4.348786996603330161e-06
-5.183543110329548655e-06
-5.437197714052196899e-06
-5.274412474426014367e-06
-4.769937904942815561e-06
-3.868440752906022556e-06
-2.443292540135002241e-06
-4.224513549975108542e-07
2.098502870071096914e-06
4.823588029055303158e-06
7.320933179171136066e-06
9.156321408754454418e-06
