   0.00000000      -5.57566864E-07
  0.250000000      -5.57370470E-07
  0.500000000      -5.57087503E-07
  0.750000000      -5.56717055E-07
   1.00000000      -5.56258442E-07
   1.25000000      -5.55710528E-07
   1.50000000      -5.55072234E-07
   1.75000000      -5.54341398E-07
   2.00000000      -5.53516486E-07
   2.25000000      -5.52599658E-07
   2.50000000      -5.51595690E-07
   2.75000000      -5.50509071E-07
   3.00000000      -5.49341109E-07
   3.25000000      -5.48089020E-07
   3.50000000      -5.46738761E-07
   3.75000000      -5.45272030E-07
   4.00000000      -5.43679505E-07
   4.25000000      -5.41968120E-07
   4.50000000      -5.40172778E-07
   4.75000000      -5.38348274E-07
   5.00000000      -5.36537982E-07
   5.25000000      -5.34732919E-07
   5.50000000      -5.32840716E-07
   5.75000000      -5.30699936E-07
   6.00000000      -5.28158409E-07
   6.25000000      -5.25197606E-07
   6.50000000      -5.22041773E-07
   6.75000000      -5.19151740E-07
   7.00000000      -5.17035858E-07
   7.25000000      -5.15880970E-07
   7.50000000      -5.15176907E-07
   7.75000000      -5.13639179E-07
   8.00000000      -5.09678159E-07
   8.25000000      -5.02443129E-07
   8.50000000      -4.93033326E-07
   8.75000000      -4.85011469E-07
   9.00000000      -4.83264671E-07
   9.25000000      -4.90809839E-07
   9.50000000      -5.04262914E-07
   9.75000000      -5.09986023E-07
   10.0000000      -4.83461861E-07
   10.2500000      -3.93427769E-07
   10.5000000      -2.10000422E-07
   10.7500000       8.63830536E-08
   11.0000000       4.99224313E-07
   11.2500000       1.01604905E-06
   11.5000000       1.61418302E-06
   11.7500000       2.26956945E-06
   12.0000000       2.96484359E-06
   12.2500000       3.69321651E-06
   12.5000000       4.45627438E-06
   12.7500000       5.25599626E-06
   13.0000000       6.08382516E-06
   13.2500000       6.91163768E-06
   13.5000000       7.68972677E-06
   13.7500000       8.35452465E-06
   14.0000000       8.84412293E-06
   14.2500000       9.11527241E-06
   14.5000000       9.15440160E-06
   14.7500000       8.97816517E-06
   15.0000000       8.62426805E-06
   15.2500000       8.13749648E-06
   15.5000000       7.55697511E-06
   15.7500000       6.90899560E-06
   16.0000000       6.20681976E-06
   16.2500000       5.45613329E-06
   16.5000000       4.66317761E-06
   16.7500000       3.84198347E-06
   17.0000000       3.01762429E-06
   17.2500000       2.22397989E-06
   17.5000000       1.49686923E-06
   17.7500000       8.65498123E-07
   18.0000000       3.45813646E-07
   18.2500000      -6.17688158E-08
   18.5000000      -3.70010980E-07
   18.7500000      -5.99496161E-07
   19.0000000      -7.72544979E-07
   19.2500000      -9.08280072E-07
   19.5000000      -1.01978696E-06
   19.7500000      -1.11343343E-06
   20.0000000      -1.18995001E-06
   20.2500000      -1.24667099E-06
   20.5000000      -1.28026431E-06
   20.7500000      -1.28920783E-06
   21.0000000      -1.27527380E-06
   21.2500000      -1.24357666E-06
   21.5000000      -1.20119807E-06
   21.7500000      -1.15496778E-06
   22.0000000      -1.10933820E-06
   22.2500000      -1.06522543E-06
   22.5000000      -1.02027229E-06
   22.7500000      -9.70339556E-07
   23.0000000      -9.11524694E-07
   23.2500000      -8.41862288E-07
   23.5000000      -7.62067941E-07
   23.7500000      -6.75188630E-07
   24.0000000      -5.85464704E-07
   24.2500000      -4.96967345E-07
   24.5000000      -4.12606170E-07
   24.7500000      -3.33779099E-07
   25.0000000      -2.60638274E-07
   25.2500000      -1.92734021E-07
   25.5000000      -1.29685986E-07
   25.7500000      -7.16322148E-08
   26.0000000      -1.93396712E-08
   26.2500000       2.60158348E-08
   26.5000000       6.32608206E-08
   26.7500000       9.16437770E-08
   27.0000000       1.11104193E-07
   27.2500000       1.22309672E-07
   27.5000000       1.26488956E-07
   27.7500000       1.25156078E-07
   28.0000000       1.19815482E-07
   28.2500000       1.11745351E-07
   28.5000000       1.01912804E-07
   28.7500000       9.10108611E-08
   29.0000000       7.95824988E-08
   29.2500000       6.81565311E-08
   29.5000000       5.73061421E-08
   29.7500000       4.76098023E-08
   30.0000000       3.95334077E-08
   30.2500000       3.33269199E-08
   30.5000000       2.90481879E-08
   30.7500000       2.67168723E-08
   31.0000000       2.65143623E-08
   31.2500000       2.88666175E-08
   31.5000000       3.42458932E-08
   31.7500000       4.26663966E-08
   32.0000000       5.30469713E-08
   32.2500000       6.27953085E-08
   32.5000000       6.79543675E-08
   32.7500000       6.40067555E-08
   33.0000000       4.71118078E-08
   33.2500000       1.52301851E-08
   33.5000000      -3.14032320E-08
   33.7500000      -9.06704756E-08
   34.0000000      -1.59615794E-07
   34.2500000      -2.35631191E-07
   34.5000000      -3.17184316E-07
   34.7500000      -4.03711141E-07
   35.0000000      -4.94698952E-07
   35.2500000      -5.88373496E-07
   35.5000000      -6.80690050E-07
   35.7500000      -7.65272489E-07
   36.0000000      -8.34586331E-07
   36.2500000      -8.82021141E-07
   36.5000000      -9.03986972E-07
   36.7500000      -9.01012299E-07
   37.0000000      -8.77289949E-07
   37.2500000      -8.38915355E-07
   37.5000000      -7.91720765E-07
   37.7500000      -7.39741097E-07
   38.0000000      -6.84947054E-07
   38.2500000      -6.28177816E-07
   38.5000000      -5.70624195E-07
   38.7500000      -5.14976421E-07
   39.0000000      -4.65529666E-07
   39.2500000      -4.27070376E-07
   39.5000000      -4.03018049E-07
   39.7500000      -3.93743022E-07
   40.0000000      -3.95985552E-07
   40.2500000      -4.03791176E-07
   40.5000000      -4.10587120E-07
   40.7500000      -4.11431529E-07
   41.0000000      -4.04353642E-07
   41.2500000      -3.90232628E-07
   41.5000000      -3.71459720E-07
   41.7500000      -3.50231232E-07
   42.0000000      -3.27434947E-07
   42.2500000      -3.02683475E-07
   42.5000000      -2.75384878E-07
   42.7500000      -2.46156077E-07
   43.0000000      -2.17667235E-07
   43.2500000      -1.94238908E-07
   43.5000000      -1.80178446E-07
   43.7500000      -1.77628777E-07
   44.0000000      -1.85233361E-07
   44.2500000      -1.98847957E-07
   44.5000000      -2.14635094E-07
   44.7500000      -2.33463851E-07
   45.0000000      -2.64342617E-07
   45.2500000      -3.24525246E-07
   45.5000000      -4.35360903E-07
   45.7500000      -6.15289878E-07
   46.0000000      -8.73185684E-07
   46.2500000      -1.20525908E-06
   46.5000000      -1.59698141E-06
   46.7500000      -2.02904744E-06
   47.0000000      -2.48464880E-06
   47.2500000      -2.95487825E-06
   47.5000000      -3.43988336E-06
   47.7500000      -3.94495555E-06
   48.0000000      -4.47271987E-06
   48.2500000      -5.01452769E-06
   48.5000000      -5.54519374E-06
   48.7500000      -6.02452337E-06
   49.0000000      -6.40621738E-06
   49.2500000      -6.65095286E-06
   49.5000000      -6.73789600E-06
   49.7500000      -6.66955702E-06
   50.0000000      -6.46828130E-06
   50.2500000      -6.16669195E-06
   50.5000000      -5.79669495E-06
   50.7500000      -5.38140239E-06
   51.0000000      -4.93237167E-06
   51.2500000      -4.45213391E-06
   51.5000000      -3.94017979E-06
   51.7500000      -3.39960184E-06
   52.0000000      -2.84158682E-06
   52.2500000      -2.28584918E-06
   52.5000000      -1.75675609E-06
   52.7500000      -1.27692965E-06
   53.0000000      -8.61266187E-07
   53.2500000      -5.13951591E-07
   53.5000000      -2.29348188E-07
   53.7500000       4.27711688E-09
   54.0000000       2.00203317E-07
   54.2500000       3.69632261E-07
   54.5000000       5.19746948E-07
   54.7500000       6.53306415E-07
   55.0000000       7.69279211E-07
   55.2500000       8.64076867E-07
   55.5000000       9.33173169E-07
   55.7500000       9.72900011E-07
   56.0000000       9.82030087E-07
   56.2500000       9.62720264E-07
   56.5000000       9.20522211E-07
   56.7500000       8.63434707E-07
   57.0000000       8.00280191E-07
   57.2500000       7.38890947E-07
   57.5000000       6.84632369E-07
   57.7500000       6.39736811E-07
   58.0000000       6.03699391E-07
   58.2500000       5.74595219E-07
   58.5000000       5.50783000E-07
   58.7500000       5.32223282E-07
   59.0000000       5.20780929E-07
   59.2500000       5.19352682E-07
   59.5000000       5.30264344E-07
   59.7500000       5.53719701E-07
   60.0000000       5.87058878E-07
   60.2500000       6.25203825E-07
   60.5000000       6.62095260E-07
   60.7500000       6.92544347E-07
   61.0000000       7.13729776E-07
   61.2500000       7.25750226E-07
   61.5000000       7.31074806E-07
   61.7500000       7.33168804E-07
   62.0000000       7.34936862E-07
   62.2500000       7.37646701E-07
   62.5000000       7.40751432E-07
   62.7500000       7.42599013E-07
   63.0000000       7.41605106E-07
   63.2500000       7.37293760E-07
   63.5000000       7.30702595E-07
   63.7500000       7.23989160E-07
   64.0000000       7.19470506E-07
   64.2500000       7.18593355E-07
   64.5000000       7.21346566E-07
   64.7500000       7.26382552E-07
   65.0000000       7.31746979E-07
   65.2500000       7.35795766E-07
   65.5000000       7.37817970E-07
   65.7500000       7.38056087E-07
   66.0000000       7.37165635E-07
   66.2500000       7.35482047E-07
   66.5000000       7.32602700E-07
   66.7500000       7.27655447E-07
   67.0000000       7.20234880E-07
   67.2500000       7.11558073E-07
   67.5000000       7.05153127E-07
   67.7500000       7.06532205E-07
   68.0000000       7.21794777E-07
   68.2500000       7.55726717E-07
   68.5000000       8.10281620E-07
   68.7500000       8.84151802E-07
   69.0000000       9.73615215E-07
   69.2500000       1.07422034E-06
   69.5000000       1.18252683E-06
   69.7500000       1.29712191E-06
   70.0000000       1.41841952E-06
   70.2500000       1.54723341E-06
   70.5000000       1.68265399E-06
   70.7500000       1.82016504E-06
   71.0000000       1.95100938E-06
   71.2500000       2.06341610E-06
   71.5000000       2.14542138E-06
   71.7500000       2.18817468E-06
   72.0000000       2.18828268E-06
   72.2500000       2.14823717E-06
   72.5000000       2.07491962E-06
   72.7500000       1.97703798E-06
   73.0000000       1.86263128E-06
   73.2500000       1.73750277E-06
   73.5000000       1.60489071E-06
   73.7500000       1.46621153E-06
   74.0000000       1.32239904E-06
   74.2500000       1.17525133E-06
   74.5000000       1.02823913E-06
   74.7500000       8.86431508E-07
   75.0000000       7.55551014E-07
   75.2500000       6.40569112E-07
   75.5000000       5.44450245E-07
   75.7500000       4.67540161E-07
   76.0000000       4.07735314E-07
   76.2500000       3.61232367E-07
   76.5000000       3.23520112E-07
   76.7500000       2.90340665E-07
   77.0000000       2.58472397E-07
   77.2500000       2.26251032E-07
   77.5000000       1.93739254E-07
   77.7500000       1.62459088E-07
   78.0000000       1.34701438E-07
   78.2500000       1.12599949E-07
   78.5000000       9.72952066E-08
   78.7500000       8.85057858E-08
   79.0000000       8.46575006E-08
   79.2500000       8.34943208E-08
   79.5000000       8.29073485E-08
   79.7500000       8.16482313E-08
   80.0000000       7.96610706E-08
   80.2500000       7.79308209E-08
   80.5000000       7.79348852E-08
   80.7500000       8.09376459E-08
   81.0000000       8.74162538E-08
   81.2500000       9.68369562E-08
   81.5000000       1.07847974E-07
   81.7500000       1.18777109E-07
   82.0000000       1.28205826E-07
   82.2500000       1.35387594E-07
   82.5000000       1.40361990E-07
   82.7500000       1.43744842E-07
   83.0000000       1.46305922E-07
   83.2500000       1.48530319E-07
   83.5000000       1.50372856E-07
   83.7500000       1.51332316E-07
   84.0000000       1.50821649E-07
   84.2500000       1.48651750E-07
   84.5000000       1.45374329E-07
   84.7500000       1.42293814E-07
   85.0000000       1.41128112E-07
   85.2500000       1.43483334E-07
   85.5000000       1.50391969E-07
   85.7500000       1.62112642E-07
   86.0000000       1.78252364E-07
   86.2500000       1.98125960E-07
   86.5000000       2.21165465E-07
   86.7500000       2.47173375E-07
   87.0000000       2.76274193E-07
   87.2500000       3.08543093E-07
   87.5000000       3.43457543E-07
   87.7500000       3.79448608E-07
   88.0000000       4.13845186E-07
   88.2500000       4.43346408E-07
   88.5000000       4.64879804E-07
   88.7500000       4.76468841E-07
   89.0000000       4.77690378E-07
   89.2500000       4.69502055E-07
   89.5000000       4.53540110E-07
   89.7500000       4.31251209E-07
   90.0000000       4.03280467E-07
   90.2500000       3.69388260E-07
   90.5000000       3.28891645E-07
   90.7500000       2.81376373E-07
   91.0000000       2.27318338E-07
   91.2500000       1.68317968E-07
   91.5000000       1.06837689E-07
   91.7500000       4.55540992E-08
   92.0000000      -1.33780160E-08
   92.2500000      -6.88146642E-08
   92.5000000      -1.20643023E-07
   92.7500000      -1.69322945E-07
   93.0000000      -2.15180279E-07
   93.2500000      -2.57806818E-07
   93.5000000      -2.95867352E-07
   93.7500000      -3.27411357E-07
   94.0000000      -3.50528580E-07
   94.2500000      -3.64016813E-07
   94.5000000      -3.67755263E-07
   94.7500000      -3.62649672E-07
   95.0000000      -3.50246069E-07
   95.2500000      -3.32248135E-07
   95.5000000      -3.10158129E-07
   95.7500000      -2.85154471E-07
   96.0000000      -2.58173060E-07
   96.2500000      -2.30077475E-07
   96.5000000      -2.01800489E-07
   96.7500000      -1.74382834E-07
   97.0000000      -1.48899858E-07
   97.2500000      -1.26321254E-07
   97.5000000      -1.07376970E-07
   97.7500000      -9.24926553E-08
   98.0000000      -8.18138162E-08
   98.2500000      -7.52830118E-08
   98.5000000      -7.26956131E-08
   98.7500000      -7.36828127E-08
   99.0000000      -7.76377220E-08
   99.2500000      -8.36657605E-08
   99.5000000      -9.06519375E-08
   99.7500000      -9.74738228E-08
   100.000000      -1.03290425E-07
   100.250000      -1.07774767E-07
   100.500000      -1.11170266E-07
   100.750000      -1.14133528E-07
   101.000000      -1.17426495E-07
   101.250000      -1.21580797E-07
   101.500000      -1.26661149E-07
   101.750000      -1.32215177E-07
   102.000000      -1.37426781E-07
   102.250000      -1.41419648E-07
   102.500000      -1.43593795E-07
   102.750000      -1.43855502E-07
   103.000000      -1.42646797E-07
   103.250000      -1.40766673E-07
   103.500000      -1.39069172E-07
   103.750000      -1.38169369E-07
   104.000000      -1.38263857E-07
   104.250000      -1.39113283E-07
   104.500000      -1.40166989E-07
   104.750000      -1.40769686E-07
   105.000000      -1.40379512E-07
   105.250000      -1.38730414E-07
   105.500000      -1.35889820E-07
   105.750000      -1.32196533E-07
   106.000000      -1.28102911E-07
   106.250000      -1.23980470E-07
   106.500000      -1.19960902E-07
   106.750000      -1.15867444E-07
   107.000000      -1.11262331E-07
   107.250000      -1.05594793E-07
   107.500000      -9.84032411E-08
   107.750000      -8.95052636E-08
   108.000000      -7.91081121E-08
   108.250000      -6.77995970E-08
   108.500000      -5.64183331E-08
   108.750000      -4.58403484E-08
   109.000000      -3.67541588E-08
   109.250000      -2.95033047E-08
   109.500000      -2.40487097E-08
   109.750000      -2.00639185E-08
   110.000000      -1.71258243E-08
   110.250000      -1.49241846E-08
   110.500000      -1.34044775E-08
   110.750000      -1.27853390E-08
   111.000000      -1.34444829E-08
   111.250000      -1.57251598E-08
   111.500000      -1.97474286E-08
   111.750000      -2.53001939E-08
   112.000000      -3.18513145E-08
   112.250000      -3.86711747E-08
   112.500000      -4.50244677E-08
   112.750000      -5.03622601E-08
   113.000000      -5.44478205E-08
   113.250000      -5.73713024E-08
   113.500000      -5.94518781E-08
   113.750000      -6.10708000E-08
   114.000000      -6.25069703E-08
   114.250000      -6.38426343E-08
   114.500000      -6.49770868E-08
   114.750000      -6.57367281E-08
   115.000000      -6.60278658E-08
   115.250000      -6.59644996E-08
   115.500000      -6.59151809E-08
   115.750000      -6.64454447E-08
   116.000000      -6.81760284E-08
   116.250000      -7.16106499E-08
   116.500000      -7.70010331E-08
   116.750000      -8.43010355E-08
   117.000000      -9.32225248E-08
   117.250000      -1.03361486E-07
   117.500000      -1.14332359E-07
   117.750000      -1.25852026E-07
   118.000000      -1.37743768E-07
   118.250000      -1.49870814E-07
   118.500000      -1.62039953E-07
   118.750000      -1.73925386E-07
   119.000000      -1.85048336E-07
   119.250000      -1.94821581E-07
   119.500000      -2.02639683E-07
   119.750000      -2.07980449E-07
   120.000000      -2.10484572E-07
   120.250000      -2.09989210E-07
   120.500000      -2.06508503E-07
   120.750000      -2.00174071E-07
   121.000000      -1.91164403E-07
   121.250000      -1.79655146E-07
   121.500000      -1.65806966E-07
   121.750000      -1.49785578E-07
   122.000000      -1.31797123E-07
   122.250000      -1.12124077E-07
   122.500000      -9.11582347E-08
   122.750000      -6.94292623E-08
   123.000000      -4.76192099E-08
   123.250000      -2.65419313E-08
   123.500000      -7.07101222E-09
   123.750000       9.97422056E-09
   124.000000       2.39446578E-08
   124.250000       3.44334623E-08
   124.500000       4.12818402E-08
   124.750000       4.45288109E-08
   125.000000       4.43361934E-08
   125.250000       4.09201668E-08
   125.500000       3.45092239E-08
   125.750000       2.53367709E-08
   126.000000       1.36664848E-08
   126.250000      -1.61105393E-10
   126.500000      -1.56820015E-08
   126.750000      -3.22906288E-08
   127.000000      -4.92703762E-08
   127.250000      -6.58715891E-08
   127.500000      -8.14137522E-08
   127.750000      -9.53759098E-08
   128.000000      -1.07445942E-07
   128.250000      -1.17520315E-07
   128.500000      -1.25664712E-07
   128.750000      -1.32055391E-07
   129.000000      -1.36920775E-07
   129.250000      -1.40494990E-07
   129.500000      -1.42988469E-07
   129.750000      -1.44576020E-07
   130.000000      -1.45400520E-07
   130.250000      -1.45586810E-07
   130.500000      -1.45257644E-07
   130.750000      -1.44542952E-07
   131.000000      -1.43576855E-07
   131.250000      -1.42485092E-07
   131.500000      -1.41370052E-07
   131.750000      -1.40298440E-07
   132.000000      -1.39292283E-07
   132.250000      -1.38321894E-07
   132.500000      -1.37300844E-07
   132.750000      -1.36087834E-07
   133.000000      -1.34502628E-07
   133.250000      -1.32358750E-07
   133.500000      -1.29505381E-07
   133.750000      -1.25864247E-07
   134.000000      -1.21447798E-07
   134.250000      -1.16352687E-07
   134.500000      -1.10732252E-07
   134.750000      -1.04757873E-07
   135.000000      -9.85817863E-08
   135.250000      -9.23138472E-08
   135.500000      -8.60200799E-08
   135.750000      -7.97435007E-08
   136.000000      -7.35389634E-08
   136.250000      -6.75050131E-08
   136.500000      -6.17947578E-08
   136.750000      -5.65956633E-08
   137.000000      -5.20826688E-08
   137.250000      -4.83650311E-08
   137.500000      -4.54505162E-08
   137.750000      -4.32419682E-08
   138.000000      -4.15664267E-08
   138.250000      -4.02226092E-08
   138.500000      -3.90270074E-08
   138.750000      -3.78437548E-08
   139.000000      -3.65939741E-08
   139.250000      -3.52485401E-08
   139.500000      -3.38127997E-08
   139.750000      -3.23104388E-08
   140.000000      -3.07696411E-08
   140.250000      -2.92142346E-08
   140.500000      -2.76619225E-08
   140.750000      -2.61299355E-08
   141.000000      -2.46468037E-08
   141.250000      -2.32663506E-08
   141.500000      -2.20785825E-08
   141.750000      -2.12133795E-08
   142.000000      -2.08336601E-08
   142.250000      -2.11152926E-08
   142.500000      -2.22136141E-08
   142.750000      -2.42214586E-08
   143.000000      -2.71307972E-08
   143.250000      -3.08145154E-08
   143.500000      -3.50418752E-08
   143.750000      -3.95296418E-08
   144.000000      -4.40128503E-08
   144.250000      -4.83076299E-08
   144.500000      -5.23385175E-08
   144.750000      -5.61151516E-08
   145.000000      -5.96660144E-08
   145.250000      -6.29597423E-08
   145.500000      -6.58514026E-08
   145.750000      -6.80829473E-08
   146.000000      -6.93439546E-08
   146.250000      -6.93683191E-08
   146.500000      -6.80248391E-08
   146.750000      -6.53628476E-08
   147.000000      -6.15968219E-08
   147.250000      -5.70395287E-08
   147.500000      -5.20119876E-08
   147.750000      -4.67648711E-08
   148.000000      -4.14383621E-08
   148.250000      -3.60717678E-08
   148.500000      -3.06527213E-08
   148.750000      -2.51796504E-08
   149.000000      -1.97071000E-08
   149.250000      -1.43532928E-08
   149.500000      -9.26919785E-09
   149.750000      -4.58935290E-09
   150.000000      -3.91724264E-10
   150.250000       3.31540573E-09
   150.500000       6.57913057E-09
   150.750000       9.47572509E-09
   151.000000       1.20892789E-08
   151.250000       1.45008174E-08
   151.500000       1.67849912E-08
   151.750000       1.90060980E-08
   152.000000       2.12101643E-08
   152.250000       2.34156179E-08
   152.500000       2.56056794E-08
   152.750000       2.77277561E-08
   153.000000       2.97027842E-08
   153.250000       3.14429016E-08
   153.500000       3.28769367E-08
   153.750000       3.39765194E-08
   154.000000       3.47716451E-08
   154.250000       3.53464280E-08
   154.500000       3.58123806E-08
   154.750000       3.62693626E-08
   155.000000       3.67725299E-08
   155.250000       3.73207634E-08
   155.500000       3.78700378E-08
   155.750000       3.83646928E-08
   156.000000       3.87701853E-08
   156.250000       3.90943420E-08
   156.500000       3.93898709E-08
   156.750000       3.97386231E-08
   157.000000       4.02264142E-08
   157.250000       4.09152321E-08
   157.500000       4.18218136E-08
   157.750000       4.29096367E-08
   158.000000       4.40981616E-08
   158.250000       4.52862317E-08
   158.500000       4.63801371E-08
   158.750000       4.73166253E-08
   159.000000       4.80718576E-08
   159.250000       4.86545204E-08
   159.500000       4.90889995E-08
   159.750000       4.93962951E-08
   160.000000       4.95813630E-08
   160.250000       4.96302519E-08
   160.500000       4.95153110E-08
   160.750000       4.92048287E-08
   161.000000       4.86730904E-08
   161.250000       4.79087703E-08
   161.500000       4.69207144E-08
   161.750000       4.57406202E-08
   162.000000       4.44235155E-08
   162.250000       4.30449774E-08
   162.500000       4.16944523E-08
   162.750000       4.04643608E-08
   163.000000       3.94357755E-08
   163.250000       3.86651564E-08
   163.500000       3.81755711E-08
   163.750000       3.79571397E-08
   164.000000       3.79781220E-08
   164.250000       3.82029661E-08
   164.500000       3.86109384E-08
   164.750000       3.92063200E-08
   165.000000       4.00141573E-08
   165.250000       4.10613481E-08
   165.500000       4.23504964E-08
   165.750000       4.38386571E-08
   166.000000       4.54320848E-08
   166.250000       4.70016097E-08
   166.500000       4.84141900E-08
   166.750000       4.95682606E-08
   167.000000       5.04174125E-08
   167.250000       5.09721758E-08
   167.500000       5.12796134E-08
   167.750000       5.13894740E-08
   168.000000       5.13226084E-08
   168.250000       5.10568299E-08
   168.500000       5.05362223E-08
   168.750000       4.96993664E-08
   169.000000       4.85135132E-08
   169.250000       4.69988315E-08
   169.500000       4.52331612E-08
   169.750000       4.33358665E-08
   170.000000       4.14374419E-08
   170.250000       3.96473716E-08
   170.500000       3.80320984E-08
   170.750000       3.66100323E-08
   171.000000       3.53631577E-08
   171.250000       3.42582069E-08
   171.500000       3.32669359E-08
   171.750000       3.23772440E-08
   172.000000       3.15921795E-08
   172.250000       3.09206563E-08
   172.500000       3.03667953E-08
   172.750000       2.99232994E-08
   173.000000       2.95705576E-08
   173.250000       2.92796258E-08
   173.500000       2.90160234E-08
   173.750000       2.87431803E-08
   174.000000       2.84258856E-08
   174.250000       2.80346057E-08
   174.500000       2.75505787E-08
   174.750000       2.69709410E-08
   175.000000       2.63127955E-08
   175.250000       2.56143675E-08
   175.500000       2.49313743E-08
   175.750000       2.43271323E-08
   176.000000       2.38570355E-08
   176.250000       2.35514683E-08
   176.500000       2.34044979E-08
   176.750000       2.33749962E-08
   177.000000       2.34013484E-08
   177.250000       2.34243274E-08
   177.500000       2.34083526E-08
   177.750000       2.33523991E-08
   178.000000       2.32866562E-08
   178.250000       2.32570976E-08
   178.500000       2.33044766E-08
   178.750000       2.34456312E-08
   179.000000       2.36639934E-08
   179.250000       2.39128557E-08
   179.500000       2.41303830E-08
   179.750000       2.42604532E-08
   180.000000       2.42712641E-08
   180.250000       2.41645104E-08
   180.500000       2.39719000E-08
   180.750000       2.37413023E-08
   181.000000       2.35184920E-08
   181.250000       2.33315305E-08
   181.500000       2.31828992E-08
   181.750000       2.30512480E-08
   182.000000       2.29013359E-08
   182.250000       2.26982380E-08
   182.500000       2.24210890E-08
   182.750000       2.20719691E-08
   183.000000       2.16772271E-08
   183.250000       2.12805986E-08
   183.500000       2.09302478E-08
   183.750000       2.06641690E-08
   184.000000       2.05001296E-08
   184.250000       2.04347383E-08
   184.500000       2.04522603E-08
   184.750000       2.05388009E-08
   185.000000       2.06947632E-08
   185.250000       2.09393445E-08
   185.500000       2.13050928E-08
   185.750000       2.18251497E-08
   186.000000       2.25185985E-08
   186.250000       2.33794815E-08
   186.500000       2.43732341E-08
   186.750000       2.54422883E-08
   187.000000       2.65195172E-08
   187.250000       2.75445515E-08
   187.500000       2.84755668E-08
   187.750000       2.92904225E-08
   188.000000       2.99764515E-08
   188.250000       3.05151673E-08
   188.500000       3.08716643E-08
   188.750000       3.09957855E-08
   189.000000       3.08350963E-08
   189.250000       3.03528225E-08
   189.500000       2.95420470E-08
   189.750000       2.84308470E-08
   190.000000       2.70776770E-08
   190.250000       2.55598529E-08
   190.500000       2.39586910E-08
   190.750000       2.23450662E-08
   191.000000       2.07693187E-08
   191.250000       1.92584224E-08
   191.500000       1.78209358E-08
   191.750000       1.64572374E-08
   192.000000       1.51695918E-08
   192.250000       1.39674192E-08
   192.500000       1.28662156E-08
   192.750000       1.18813155E-08
   193.000000       1.10200089E-08
   193.250000       1.02754596E-08
   193.500000       9.62438396E-09
   193.750000       9.02901309E-09
   194.000000       8.44356318E-09
   194.250000       7.82411647E-09
   194.500000       7.13914794E-09
   194.750000       6.37719744E-09
   195.000000       5.54852653E-09
   195.250000       4.67942307E-09
   195.500000       3.80086629E-09
   195.750000       2.93651703E-09
   196.000000       2.09486295E-09
   196.250000       1.26855437E-09
   196.500000       4.40990106E-10
   196.750000      -4.03053674E-10
   197.000000      -1.26728195E-09
   197.250000      -2.13879181E-09
   197.500000      -2.99015968E-09
   197.750000      -3.78771503E-09
   198.000000      -4.50246507E-09
   198.250000      -5.11840925E-09
   198.500000      -5.63430014E-09
   198.750000      -6.05871042E-09
   199.000000      -6.40112185E-09
   199.250000      -6.66376421E-09
   199.500000      -6.83873003E-09
   199.750000      -6.91115742E-09
   200.000000      -6.86697765E-09
   200.250000      -6.70160194E-09
   200.500000      -6.42548281E-09
   200.750000      -6.06433170E-09
   201.000000      -5.65374370E-09
   201.250000      -5.23077404E-09
   201.500000      -4.82593077E-09
   201.750000      -4.45887238E-09
   202.000000      -4.13901091E-09
   202.250000      -3.86952381E-09
   202.500000      -3.65200425E-09
   202.750000      -3.48933393E-09
   203.000000      -3.38577966E-09
   203.250000      -3.34473005E-09
   203.500000      -3.36578942E-09
   203.750000      -3.44279782E-09
   204.000000      -3.56346996E-09
   204.250000      -3.71085918E-09
   204.500000      -3.86632815E-09
   204.750000      -4.01305167E-09
   205.000000      -4.13885815E-09
   205.250000      -4.23776259E-09
   205.500000      -4.31001901E-09
   205.750000      -4.36104530E-09
   206.000000      -4.39982051E-09
   206.250000      -4.43748416E-09
   206.500000      -4.48650006E-09
   206.750000      -4.56002525E-09
   207.000000      -4.67106709E-09
   207.250000      -4.83111151E-09
   207.500000      -5.04870989E-09
   207.750000      -5.32883115E-09
   208.000000      -5.67315617E-09
   208.250000      -6.08100503E-09
   208.500000      -6.55009114E-09
   208.750000      -7.07626668E-09
   209.000000      -7.65257724E-09
   209.250000      -8.26834334E-09
   209.500000      -8.90892338E-09
   209.750000      -9.55676072E-09
   210.000000      -1.01927462E-08
   210.250000      -1.07974119E-08
   210.500000      -1.13522685E-08
   210.750000      -1.18410250E-08
   211.000000      -1.22512427E-08
   211.250000      -1.25758399E-08
   211.500000      -1.28135378E-08
   211.750000      -1.29680995E-08
   212.000000      -1.30466660E-08
   212.250000      -1.30582665E-08
   212.500000      -1.30133184E-08
   212.750000      -1.29239712E-08
   213.000000      -1.28044473E-08
   213.250000      -1.26705721E-08
   213.500000      -1.25381519E-08
   213.750000      -1.24209087E-08
   214.000000      -1.23288553E-08
   214.250000      -1.22675203E-08
   214.500000      -1.22383623E-08
   214.750000      -1.22401422E-08
   215.000000      -1.22706760E-08
   215.250000      -1.23285089E-08
   215.500000      -1.24136079E-08
   215.750000      -1.25265354E-08
   216.000000      -1.26663329E-08
   216.250000      -1.28280693E-08
   216.500000      -1.30015652E-08
   216.750000      -1.31724436E-08
   217.000000      -1.33254732E-08
   217.250000      -1.34487657E-08
   217.500000      -1.35369040E-08
   217.750000      -1.35917082E-08
   218.000000      -1.36203475E-08
   218.250000      -1.36317473E-08
   218.500000      -1.36326976E-08
   218.750000      -1.36250176E-08
   219.000000      -1.36048142E-08
   219.250000      -1.35643212E-08
   219.500000      -1.34956313E-08
   219.750000      -1.33948497E-08
   220.000000      -1.32648230E-08
   220.250000      -1.31151818E-08
   220.500000      -1.29597986E-08
   220.750000      -1.28128868E-08
   221.000000      -1.26854793E-08
   221.250000      -1.25834072E-08
   221.500000      -1.25070612E-08
   221.750000      -1.24525092E-08
   222.000000      -1.24134454E-08
   222.250000      -1.23833432E-08
   222.500000      -1.23572326E-08
   222.750000      -1.23324666E-08
   223.000000      -1.23084165E-08
   223.250000      -1.22855477E-08
   223.500000      -1.22645973E-08
   223.750000      -1.22464971E-08
   224.000000      -1.22328210E-08
   224.250000      -1.22261632E-08
   224.500000      -1.22298642E-08
   224.750000      -1.22471144E-08
   225.000000      -1.22800774E-08
   225.250000      -1.23296555E-08
   225.500000      -1.23960104E-08
   225.750000      -1.24793162E-08
   226.000000      -1.25802213E-08
   226.250000      -1.26997444E-08
   226.500000      -1.28386750E-08
   226.750000      -1.29965008E-08
   227.000000      -1.31698377E-08
   227.250000      -1.33506752E-08
   227.500000      -1.35252094E-08
   227.750000      -1.36744314E-08
   228.000000      -1.37770177E-08
   228.250000      -1.38139198E-08
   228.500000      -1.37728327E-08
   228.750000      -1.36505571E-08
   229.000000      -1.34523512E-08
   229.250000      -1.31888900E-08
   229.500000      -1.28724604E-08
   229.750000      -1.25139410E-08
   230.000000      -1.21213715E-08
   230.250000      -1.17001502E-08
   230.500000      -1.12543930E-08
   230.750000      -1.07888569E-08
   231.000000      -1.03106217E-08
   231.250000      -9.82980630E-09
   231.500000      -9.35882216E-09
   231.750000      -8.91027785E-09
   232.000000      -8.49430837E-09
   232.250000      -8.11647993E-09
   232.500000      -7.77705189E-09
   232.750000      -7.47167483E-09
   233.000000      -7.19299997E-09
   233.250000      -6.93251323E-09
   233.500000      -6.68219569E-09
   233.750000      -6.43575948E-09
   234.000000      -6.18946228E-09
   234.250000      -5.94239458E-09
   234.500000      -5.69608449E-09
   234.750000      -5.45335865E-09
   235.000000      -5.21665600E-09
   235.250000      -4.98641839E-09
   235.500000      -4.76024731E-09
   235.750000      -4.53332349E-09
   236.000000      -4.29998304E-09
   236.250000      -4.05584943E-09
   236.500000      -3.79974230E-09
   236.750000      -3.53450269E-09
   237.000000      -3.26636118E-09
   237.250000      -3.00296987E-09
   237.500000      -2.75084799E-09
   237.750000      -2.51317434E-09
   238.000000      -2.28879404E-09
   238.250000      -2.07287520E-09
   238.500000      -1.85896765E-09
   238.750000      -1.64169900E-09
   239.000000      -1.41897261E-09
   239.250000      -1.19270072E-09
   239.500000      -9.67840030E-10
   239.750000      -7.50214113E-10
   240.000000      -5.44080003E-10
   240.250000      -3.50369345E-10
   240.500000      -1.66224853E-10
   240.750000       1.39892316E-11
   241.000000       1.96635139E-10
   241.250000       3.86499110E-10
   241.500000       5.85012039E-10
   241.750000       7.89781129E-10
   242.000000       9.95646565E-10
   242.250000       1.19677157E-09
   242.500000       1.38893963E-09
   242.750000       1.57111213E-09
   243.000000       1.74571224E-09
   243.250000       1.91768312E-09
   243.500000       2.09276108E-09
   243.750000       2.27563368E-09
   244.000000       2.46849141E-09
   244.250000       2.67033262E-09
   244.500000       2.87727042E-09
   244.750000       3.08377901E-09
   245.000000       3.28450245E-09
   245.250000       3.47600615E-09
   245.500000       3.65790553E-09
   245.750000       3.83294330E-09
   246.000000       4.00602218E-09
   246.250000       4.18259916E-09
   246.500000       4.36691083E-09
   246.750000       4.56066251E-09
   247.000000       4.76261119E-09
   247.250000       4.96925834E-09
   247.500000       5.17644061E-09
   247.750000       5.38125944E-09
   248.000000       5.58366198E-09
   248.250000       5.78708415E-09
   248.500000       5.99785599E-09
   248.750000       6.22340623E-09
   249.000000       6.46969101E-09
   249.250000       6.73853595E-09
   249.500000       7.02575109E-09
   249.750000       7.32111527E-09
   250.000000       7.61106467E-09
   250.250000       7.88407828E-09
   250.500000       8.13733525E-09
   250.750000       8.38128322E-09
   251.000000       8.63801830E-09
   251.250000       8.93096885E-09
   251.500000       9.26782295E-09
   251.750000       9.62469926E-09
   252.000000       9.94411575E-09
   252.250000       1.01574278E-08
   252.500000       1.02310365E-08
   252.750000       1.02170592E-08
   253.000000       1.02722097E-08
   253.250000       1.06080948E-08
   253.500000       1.13634515E-08
   253.750000       1.24423263E-08
   254.000000       1.34178002E-08
   254.250000       1.36154021E-08
   254.500000       1.24229791E-08
   254.750000       9.72013670E-09
   255.000000       6.14706686E-09
   255.250000       2.88380697E-09
   255.500000       8.71700656E-10
   255.750000       1.24706481E-10
