   0.00000000       4.59465184E-07
  0.250000000       4.61644049E-07
  0.500000000       4.63775251E-07
  0.750000000       4.65857312E-07
   1.00000000       4.67890032E-07
   1.25000000       4.69873726E-07
   1.50000000       4.71807255E-07
   1.75000000       4.73688516E-07
   2.00000000       4.75516430E-07
   2.25000000       4.77291053E-07
   2.50000000       4.79013920E-07
   2.75000000       4.80688755E-07
   3.00000000       4.82317603E-07
   3.25000000       4.83897395E-07
   3.50000000       4.85419491E-07
   3.75000000       4.86872977E-07
   4.00000000       4.88251032E-07
   4.25000000       4.89557635E-07
   4.50000000       4.90812226E-07
   4.75000000       4.92043853E-07
   5.00000000       4.93276161E-07
   5.25000000       4.94504150E-07
   5.50000000       4.95677511E-07
   5.75000000       4.96708537E-07
   6.00000000       4.97512758E-07
   6.25000000       4.98077725E-07
   6.50000000       4.98525139E-07
   6.75000000       4.99106363E-07
   7.00000000       5.00098110E-07
   7.25000000       5.01603836E-07
   7.50000000       5.03350691E-07
   7.75000000       5.04639956E-07
   8.00000000       5.04600564E-07
   8.25000000       5.02759690E-07
   8.50000000       4.99709188E-07
   8.75000000       4.97400663E-07
   9.00000000       4.98546058E-07
   9.25000000       5.04893023E-07
   9.50000000       5.14767123E-07
   9.75000000       5.20956917E-07
   10.0000000       5.10325719E-07
   10.2500000       4.66009283E-07
   10.5000000       3.71808795E-07
   10.7500000       2.17087575E-07
   11.0000000      -6.41847686E-12
   11.2500000      -2.72482055E-07
   11.5000000      -5.87656814E-07
   11.7500000      -9.32168405E-07
   12.0000000      -1.29677460E-06
   12.2500000      -1.67892586E-06
   12.5000000      -2.08180609E-06
   12.7500000      -2.50976041E-06
   13.0000000      -2.96161238E-06
   13.2500000      -3.42477165E-06
   13.5000000      -3.87334421E-06
   13.7500000      -4.27211489E-06
   14.0000000      -4.58547447E-06
   14.2500000      -4.78764014E-06
   14.5000000      -4.86965018E-06
   14.7500000      -4.84021757E-06
   15.0000000      -4.72055262E-06
   15.2500000      -4.53583698E-06
   15.5000000      -4.30697401E-06
   15.7500000      -4.04555658E-06
   16.0000000      -3.75342029E-06
   16.2500000      -3.42644262E-06
   16.5000000      -3.06081938E-06
   16.7500000      -2.65915082E-06
   17.0000000      -2.23367829E-06
   17.2500000      -1.80514849E-06
   17.5000000      -1.39773192E-06
   17.7500000      -1.03225943E-06
   18.0000000      -7.20725268E-07
   18.2500000      -4.64179692E-07
   18.5000000      -2.54409542E-07
   18.7500000      -7.82291920E-08
   19.0000000       7.75505669E-08
   19.2500000       2.22222738E-07
   19.5000000       3.59385524E-07
   19.7500000       4.87415093E-07
   20.0000000       6.01632280E-07
   20.2500000       6.97159692E-07
   20.5000000       7.71375881E-07
   20.7500000       8.25152028E-07
   21.0000000       8.62611614E-07
   21.2500000       8.89695457E-07
   21.5000000       9.12169639E-07
   21.7500000       9.33823003E-07
   22.0000000       9.55466817E-07
   22.2500000       9.75045850E-07
   22.5000000       9.88756028E-07
   22.7500000       9.92702212E-07
   23.0000000       9.84426265E-07
   23.2500000       9.63729576E-07
   23.5000000       9.32557100E-07
   23.7500000       8.94128050E-07
   24.0000000       8.51790105E-07
   24.2500000       8.08084451E-07
   24.5000000       7.64317519E-07
   24.7500000       7.20678202E-07
   25.0000000       6.76742786E-07
   25.2500000       6.32124966E-07
   25.5000000       5.87028353E-07
   25.7500000       5.42514044E-07
   26.0000000       5.00385624E-07
   26.2500000       4.62730526E-07
   26.5000000       4.31283780E-07
   26.7500000       4.06841650E-07
   27.0000000       3.88923240E-07
   27.2500000       3.75776608E-07
   27.5000000       3.64732443E-07
   27.7500000       3.52815078E-07
   28.0000000       3.37445925E-07
   28.2500000       3.17030469E-07
   28.5000000       2.91230180E-07
   28.7500000       2.60824805E-07
   29.0000000       2.27216589E-07
   29.2500000       1.91765352E-07
   29.5000000       1.55222295E-07
   29.7500000       1.17511611E-07
   30.0000000       7.79965745E-08
   30.2500000       3.61812376E-08
   30.5000000      -7.41527062E-09
   30.7500000      -5.06298186E-08
   31.0000000      -8.96718859E-08
   31.2500000      -1.19922191E-07
   31.5000000      -1.37219871E-07
   31.7500000      -1.38995333E-07
   32.0000000      -1.24624506E-07
   32.2500000      -9.48515364E-08
   32.5000000      -5.07950517E-08
   32.7500000       6.52881837E-09
   33.0000000       7.54313447E-08
   33.2500000       1.51574781E-07
   33.5000000       2.25806176E-07
   33.7500000       2.83330195E-07
   34.0000000       3.05334083E-07
   34.2500000       2.72936546E-07
   34.5000000       1.71990777E-07
   34.7500000      -3.30908057E-09
   35.0000000      -2.49539767E-07
   35.2500000      -5.56165787E-07
   35.5000000      -9.09681319E-07
   35.7500000      -1.29798832E-06
   36.0000000      -1.71308113E-06
   36.2500000      -2.15066848E-06
   36.5000000      -2.60657202E-06
   36.7500000      -3.07129608E-06
   37.0000000      -3.52547454E-06
   37.2500000      -3.93912296E-06
   37.5000000      -4.27621717E-06
   37.7500000      -4.50343168E-06
   38.0000000      -4.59943067E-06
   38.2500000      -4.56054659E-06
   38.5000000      -4.40047734E-06
   38.7500000      -4.14459282E-06
   39.0000000      -3.82168355E-06
   39.2500000      -3.45658918E-06
   39.5000000      -3.06614129E-06
   39.7500000      -2.65917242E-06
   40.0000000      -2.23981237E-06
   40.2500000      -1.81227506E-06
   40.5000000      -1.38495773E-06
   40.7500000      -9.71986537E-07
   41.0000000      -5.91360163E-07
   41.2500000      -2.60361531E-07
   41.5000000       9.77703163E-09
   41.7500000       2.17599791E-07
   42.0000000       3.71994986E-07
   42.2500000       4.89513184E-07
   42.5000000       5.89616889E-07
   42.7500000       6.89681031E-07
   43.0000000       8.01461965E-07
   43.2500000       9.30139265E-07
   43.5000000       1.07600795E-06
   43.7500000       1.23775726E-06
   44.0000000       1.41560872E-06
   44.2500000       1.61271976E-06
   44.5000000       1.83425334E-06
   44.7500000       2.08475694E-06
   45.0000000       2.36526625E-06
   45.2500000       2.67142491E-06
   45.5000000       2.99332055E-06
   45.7500000       3.31708702E-06
   46.0000000       3.62776200E-06
   46.2500000       3.91248341E-06
   46.5000000       4.16273815E-06
   46.7500000       4.37447261E-06
   47.0000000       4.54578503E-06
   47.2500000       4.67343307E-06
   47.5000000       4.75041134E-06
   47.7500000       4.76642936E-06
   48.0000000       4.71138310E-06
   48.2500000       4.57997339E-06
   48.5000000       4.37494054E-06
   48.7500000       4.10731627E-06
   49.0000000       3.79382254E-06
   49.2500000       3.45282001E-06
   49.5000000       3.10048608E-06
   49.7500000       2.74841318E-06
   50.0000000       2.40312988E-06
   50.2500000       2.06743675E-06
   50.5000000       1.74287607E-06
   50.7500000       1.43219268E-06
   51.0000000       1.14054171E-06
   51.2500000       8.74775651E-07
   51.5000000       6.41219287E-07
   51.7500000       4.43203618E-07
   52.0000000       2.79729363E-07
   52.2500000       1.45891832E-07
   52.5000000       3.46905473E-08
   52.7500000      -6.07590493E-08
   53.0000000      -1.45557635E-07
   53.2500000      -2.22363070E-07
   53.5000000      -2.91660371E-07
   53.7500000      -3.52542344E-07
   54.0000000      -4.03512701E-07
   54.2500000      -4.42967462E-07
   54.5000000      -4.69275079E-07
   54.7500000      -4.80646577E-07
   55.0000000      -4.75137170E-07
   55.2500000      -4.51001910E-07
   55.5000000      -4.07328031E-07
   55.7500000      -3.44609077E-07
   56.0000000      -2.64912273E-07
   56.2500000      -1.71515481E-07
   56.5000000      -6.81760071E-08
   56.7500000       4.16439541E-08
   57.0000000       1.55279011E-07
   57.2500000       2.70884925E-07
   57.5000000       3.86950859E-07
   57.7500000       5.01447914E-07
   58.0000000       6.10964435E-07
   58.2500000       7.10315419E-07
   58.5000000       7.93024867E-07
   58.7500000       8.52693802E-07
   59.0000000       8.84755082E-07
   59.2500000       8.87816498E-07
   59.5000000       8.63963805E-07
   59.7500000       8.17926718E-07
   60.0000000       7.55551810E-07
   60.2500000       6.82263931E-07
   60.5000000       6.02065768E-07
   60.7500000       5.17318313E-07
   61.0000000       4.29220279E-07
   61.2500000       3.38683122E-07
   61.5000000       2.47188467E-07
   61.7500000       1.57232549E-07
   62.0000000       7.21231288E-08
   62.2500000      -4.81186246E-09
   62.5000000      -7.12089090E-08
   62.7500000      -1.26310042E-07
   63.0000000      -1.70883965E-07
   63.2500000      -2.06458395E-07
   63.5000000      -2.34293552E-07
   63.7500000      -2.54661131E-07
   64.0000000      -2.66797286E-07
   64.2500000      -2.69520854E-07
   64.5000000      -2.62176371E-07
   64.7500000      -2.45416800E-07
   65.0000000      -2.21431961E-07
   65.2500000      -1.93487850E-07
   65.5000000      -1.64959587E-07
   65.7500000      -1.38283156E-07
   66.0000000      -1.14346875E-07
   66.2500000      -9.26753430E-08
   66.5000000      -7.23779010E-08
   66.7500000      -5.34422959E-08
   67.0000000      -3.77130789E-08
   67.2500000      -2.89694384E-08
   67.5000000      -3.19207842E-08
   67.7500000      -5.04562827E-08
   68.0000000      -8.58677325E-08
   68.2500000      -1.35841574E-07
   68.5000000      -1.94702096E-07
   68.7500000      -2.54890551E-07
   69.0000000      -3.09138073E-07
   69.2500000      -3.52487945E-07
   69.5000000      -3.83380893E-07
   69.7500000      -4.03406659E-07
   70.0000000      -4.15930856E-07
   70.2500000      -4.24264897E-07
   70.5000000      -4.30176925E-07
   70.7500000      -4.33340659E-07
   71.0000000      -4.31868727E-07
   71.2500000      -4.23610572E-07
   71.5000000      -4.07631063E-07
   71.7500000      -3.85254197E-07
   72.0000000      -3.60254347E-07
   72.2500000      -3.38093173E-07
   72.5000000      -3.24459222E-07
   72.7500000      -3.23638460E-07
   73.0000000      -3.37339543E-07
   73.2500000      -3.64425318E-07
   73.5000000      -4.01615068E-07
   73.7500000      -4.44810610E-07
   74.0000000      -4.90471280E-07
   74.2500000      -5.36516836E-07
   74.5000000      -5.82492930E-07
   74.7500000      -6.29059116E-07
   75.0000000      -6.77068442E-07
   75.2500000      -7.26612427E-07
   75.5000000      -7.76398224E-07
   75.7500000      -8.23722758E-07
   76.0000000      -8.65099139E-07
   76.2500000      -8.97307473E-07
   76.5000000      -9.18404169E-07
   76.7500000      -9.28205850E-07
   77.0000000      -9.28033330E-07
   77.2500000      -9.19892386E-07
   77.5000000      -9.05545505E-07
   77.7500000      -8.85930035E-07
   78.0000000      -8.61124647E-07
   78.2500000      -8.30761564E-07
   78.5000000      -7.94598179E-07
   78.7500000      -7.52955316E-07
   79.0000000      -7.06840410E-07
   79.2500000      -6.57723092E-07
   79.5000000      -6.07082313E-07
   79.7500000      -5.55941938E-07
   80.0000000      -5.04630975E-07
   80.2500000      -4.52903976E-07
   80.5000000      -4.00364542E-07
   80.7500000      -3.46961315E-07
   81.0000000      -2.93290014E-07
   81.2500000      -2.40556489E-07
   81.5000000      -1.90256415E-07
   81.7500000      -1.43775026E-07
   82.0000000      -1.02122740E-07
   82.2500000      -6.59066259E-08
   82.5000000      -3.54877301E-08
   82.7500000      -1.11835030E-08
   83.0000000       6.61895250E-09
   83.2500000       1.74976780E-08
   83.5000000       2.11457625E-08
   83.7500000       1.75406853E-08
   84.0000000       7.02840230E-09
   84.2500000      -9.73398784E-09
   84.5000000      -3.19489857E-08
   84.7500000      -5.88598184E-08
   85.0000000      -8.98193235E-08
   85.2500000      -1.24182009E-07
   85.5000000      -1.61069295E-07
   85.7500000      -1.99160553E-07
   86.0000000      -2.36679952E-07
   86.2500000      -2.71657996E-07
   86.5000000      -3.02391243E-07
   86.7500000      -3.27892678E-07
   87.0000000      -3.48102077E-07
   87.2500000      -3.63726059E-07
   87.5000000      -3.75754468E-07
   87.7500000      -3.84857145E-07
   88.0000000      -3.90933081E-07
   88.2500000      -3.93032678E-07
   88.5000000      -3.89719560E-07
   88.7500000      -3.79733819E-07
   89.0000000      -3.62668715E-07
   89.2500000      -3.39350322E-07
   89.5000000      -3.11739939E-07
   89.7500000      -2.82395348E-07
   90.0000000      -2.53720572E-07
   90.2500000      -2.27314317E-07
   90.5000000      -2.03669401E-07
   90.7500000      -1.82306664E-07
   91.0000000      -1.62243865E-07
   91.2500000      -1.42576312E-07
   91.5000000      -1.22927801E-07
   91.7500000      -1.03605444E-07
   92.0000000      -8.54230677E-08
   92.2500000      -6.92973146E-08
   92.5000000      -5.58066162E-08
   92.7500000      -4.49007445E-08
   93.0000000      -3.58663925E-08
   93.2500000      -2.75403700E-08
   93.5000000      -1.86691587E-08
   93.7500000      -8.27476221E-09
   94.0000000       4.09686907E-09
   94.2500000       1.83142959E-08
   94.5000000       3.37935724E-08
   94.7500000       4.97639441E-08
   95.0000000       6.55581900E-08
   95.2500000       8.08162497E-08
   95.5000000       9.55282999E-08
   95.7500000       1.09917963E-07
   96.0000000       1.24232159E-07
   96.2500000       1.38531092E-07
   96.5000000       1.52563359E-07
   96.7500000       1.65769364E-07
   97.0000000       1.77411167E-07
   97.2500000       1.86779346E-07
   97.5000000       1.93393646E-07
   97.7500000       1.97106587E-07
   98.0000000       1.98059084E-07
   98.2500000       1.96518528E-07
   98.5000000       1.92700057E-07
   98.7500000       1.86682300E-07
   99.0000000       1.78461420E-07
   99.2500000       1.68097941E-07
   99.5000000       1.55853982E-07
   99.7500000       1.42235066E-07
   100.000000       1.27914859E-07
   100.250000       1.13589124E-07
   100.500000       9.98325405E-08
   100.750000       8.70186270E-08
   101.000000       7.53256657E-08
   101.250000       6.48105285E-08
   101.500000       5.55051685E-08
   101.750000       4.74836988E-08
   102.000000       4.08650642E-08
   102.250000       3.57529046E-08
   102.500000       3.21484173E-08
   102.750000       2.98857472E-08
   103.000000       2.86285715E-08
   103.250000       2.79352523E-08
   103.500000       2.73660063E-08
   103.750000       2.65862852E-08
   104.000000       2.54222421E-08
   104.250000       2.38458870E-08
   104.500000       2.19028404E-08
   104.750000       1.96264054E-08
   105.000000       1.69912884E-08
   105.250000       1.39386893E-08
   105.500000       1.04573186E-08
   105.750000       6.66503031E-09
   106.000000       2.83271850E-09
   106.250000      -6.67923328E-10
   106.500000      -3.46357742E-09
   106.750000      -5.27417354E-09
   107.000000      -5.96311178E-09
   107.250000      -5.53616930E-09
   107.500000      -4.10470458E-09
   107.750000      -1.83367699E-09
   108.000000       1.10722753E-09
   108.250000       4.57564786E-09
   108.500000       8.45609804E-09
   108.750000       1.26179263E-08
   109.000000       1.68468564E-08
   109.250000       2.07875726E-08
   109.500000       2.39433717E-08
   109.750000       2.57565063E-08
   110.000000       2.57469921E-08
   110.250000       2.36562823E-08
   110.500000       1.95364827E-08
   110.750000       1.37460336E-08
   111.000000       6.85294310E-09
   111.250000      -5.16724774E-10
   111.500000      -7.82315190E-09
   111.750000      -1.46913930E-08
   112.000000      -2.08990620E-08
   112.250000      -2.62942006E-08
   112.500000      -3.06987005E-08
   112.750000      -3.38528494E-08
   113.000000      -3.54295828E-08
   113.250000      -3.51079805E-08
   113.500000      -3.26722223E-08
   113.750000      -2.80968635E-08
   114.000000      -2.15852953E-08
   114.250000      -1.35421701E-08
   114.500000      -4.47719151E-09
   114.750000       5.12909137E-09
   115.000000       1.49339989E-08
   115.250000       2.47555860E-08
   115.500000       3.44939082E-08
   115.750000       4.40014887E-08
   116.000000       5.29938156E-08
   116.250000       6.10652080E-08
   116.500000       6.78035050E-08
   116.750000       7.29324370E-08
   117.000000       7.63988481E-08
   117.250000       7.83639393E-08
   117.500000       7.91146704E-08
   117.750000       7.89442396E-08
   118.000000       7.80534606E-08
   118.250000       7.65063390E-08
   118.500000       7.42526467E-08
   118.750000       7.12113390E-08
   119.000000       6.73793892E-08
   119.250000       6.29131804E-08
   119.500000       5.81340416E-08
   119.750000       5.34451239E-08
   120.000000       4.91986256E-08
   120.250000       4.55817784E-08
   120.500000       4.25783888E-08
   120.750000       4.00181897E-08
   121.000000       3.76799818E-08
   121.250000       3.53942831E-08
   121.500000       3.31019763E-08
   121.750000       3.08514778E-08
   122.000000       2.87463653E-08
   122.250000       2.68743232E-08
   122.500000       2.52523975E-08
   122.750000       2.38130955E-08
   123.000000       2.24339782E-08
   123.250000       2.09897379E-08
   123.500000       1.93968823E-08
   123.750000       1.76314341E-08
   124.000000       1.57198699E-08
   124.250000       1.37169964E-08
   124.500000       1.16848193E-08
   124.750000       9.67806191E-09
   125.000000       7.73641773E-09
   125.250000       5.88428284E-09
   125.500000       4.13982715E-09
   125.750000       2.53194354E-09
   126.000000       1.11741638E-09
   126.250000      -1.26427454E-11
   126.500000      -7.42194139E-10
   126.750000      -9.50446166E-10
   127.000000      -5.33235678E-10
   127.250000       5.80875459E-10
   127.500000       2.41905962E-09
   127.750000       4.95593655E-09
   128.000000       8.11098033E-09
   128.250000       1.17572725E-08
   128.500000       1.57440354E-08
   128.750000       1.99257890E-08
   129.000000       2.41854305E-08
   129.250000       2.84414838E-08
   129.500000       3.26393810E-08
   129.750000       3.67354147E-08
   130.000000       4.06834992E-08
   130.250000       4.44294166E-08
   130.500000       4.79119855E-08
   130.750000       5.10676053E-08
   131.000000       5.38377947E-08
   131.250000       5.61798608E-08
   131.500000       5.80787685E-08
   131.750000       5.95562426E-08
   132.000000       6.06706294E-08
   132.250000       6.15050695E-08
   132.500000       6.21465261E-08
   132.750000       6.26627923E-08
   133.000000       6.30855297E-08
   133.250000       6.34050608E-08
   133.500000       6.35793995E-08
   133.750000       6.35549142E-08
   134.000000       6.32914521E-08
   134.250000       6.27829380E-08
   134.500000       6.20655527E-08
   134.750000       6.12116935E-08
   135.000000       6.03148536E-08
   135.250000       5.94746794E-08
   135.500000       5.87900288E-08
   135.750000       5.83603388E-08
   136.000000       5.82883750E-08
   136.250000       5.86759654E-08
   136.500000       5.96104783E-08
   136.750000       6.11478583E-08
   137.000000       6.33004831E-08
   137.250000       6.60357955E-08
   137.500000       6.92857682E-08
   137.750000       7.29636938E-08
   138.000000       7.69815358E-08
   138.250000       8.12590386E-08
   138.500000       8.57167493E-08
   138.750000       9.02501895E-08
   139.000000       9.46950180E-08
   139.250000       9.88040370E-08
   139.500000       1.02259492E-07
   139.750000       1.04728443E-07
   140.000000       1.05943826E-07
   140.250000       1.05775250E-07
   140.500000       1.04256451E-07
   140.750000       1.01560232E-07
   141.000000       9.79370114E-08
   141.250000       9.36461930E-08
   141.500000       8.89054874E-08
   141.750000       8.38697929E-08
   142.000000       7.86396654E-08
   142.250000       7.32903374E-08
   142.500000       6.79068819E-08
   142.750000       6.26083079E-08
   143.000000       5.75459893E-08
   143.250000       5.28740323E-08
   143.500000       4.87050471E-08
   143.750000       4.50743158E-08
   144.000000       4.19301749E-08
   144.250000       3.91530968E-08
   144.500000       3.65911532E-08
   144.750000       3.40961783E-08
   145.000000       3.15510071E-08
   145.250000       2.88839956E-08
   145.500000       2.60713779E-08
   145.750000       2.31295463E-08
   146.000000       2.00998951E-08
   146.250000       1.70315886E-08
   146.500000       1.39692009E-08
   146.750000       1.09486500E-08
   147.000000       7.99966315E-09
   147.250000       5.15001419E-09
   147.500000       2.42815479E-09
   147.750000      -1.36549300E-10
   148.000000      -2.51602850E-09
   148.250000      -4.68754724E-09
   148.500000      -6.63886057E-09
   148.750000      -8.37181080E-09
   149.000000      -9.89971483E-09
   149.250000      -1.12361462E-08
   149.500000      -1.23802693E-08
   149.750000      -1.33082709E-08
   150.000000      -1.39790357E-08
   150.250000      -1.43541721E-08
   150.500000      -1.44224623E-08
   150.750000      -1.42154155E-08
   151.000000      -1.38048115E-08
   151.250000      -1.32828788E-08
   151.500000      -1.27333193E-08
   151.750000      -1.22048185E-08
   152.000000      -1.16979582E-08
   152.250000      -1.11715881E-08
   152.500000      -1.05675149E-08
   152.750000      -9.84409798E-09
   153.000000      -9.00350283E-09
   153.250000      -8.09861600E-09
   153.500000      -7.21467242E-09
   153.750000      -6.43383391E-09
   154.000000      -5.80019055E-09
   154.250000      -5.30255706E-09
   154.500000      -4.88278618E-09
   154.750000      -4.46493109E-09
   155.000000      -3.99139832E-09
   155.250000      -3.45033602E-09
   155.500000      -2.88399726E-09
   155.750000      -2.37623188E-09
   156.000000      -2.02550288E-09
   156.250000      -1.91515714E-09
   156.500000      -2.09338213E-09
   156.750000      -2.56988764E-09
   157.000000      -3.32783223E-09
   157.250000      -4.34163994E-09
   157.500000      -5.58921442E-09
   157.750000      -7.05303016E-09
   158.000000      -8.71251604E-09
   158.250000      -1.05351781E-08
   158.500000      -1.24743558E-08
   158.750000      -1.44753578E-08
   159.000000      -1.64858314E-08
   159.250000      -1.84638722E-08
   159.500000      -2.03782982E-08
   159.750000      -2.22003376E-08
   160.000000      -2.38910598E-08
   160.250000      -2.53916195E-08
   160.500000      -2.66240932E-08
   160.750000      -2.75063954E-08
   161.000000      -2.79774834E-08
   161.250000      -2.80214518E-08
   161.500000      -2.76775651E-08
   161.750000      -2.70299090E-08
   162.000000      -2.61805777E-08
   162.250000      -2.52193573E-08
   162.500000      -2.42038656E-08
   162.750000      -2.31574191E-08
   163.000000      -2.20824798E-08
   163.250000      -2.09808988E-08
   163.500000      -1.98709138E-08
   163.750000      -1.87931111E-08
   164.000000      -1.78029378E-08
   164.250000      -1.69526153E-08
   164.500000      -1.62705600E-08
   164.750000      -1.57485296E-08
   165.000000      -1.53440833E-08
   165.250000      -1.49978501E-08
   165.500000      -1.46566528E-08
   165.750000      -1.42910919E-08
   166.000000      -1.38994416E-08
   166.250000      -1.34985214E-08
   166.500000      -1.31088136E-08
   166.750000      -1.27420137E-08
   167.000000      -1.23964075E-08
   167.250000      -1.20605499E-08
   167.500000      -1.17221237E-08
   167.750000      -1.13776490E-08
   168.000000      -1.10380789E-08
   168.250000      -1.07267955E-08
   168.500000      -1.04695541E-08
   168.750000      -1.02805009E-08
   169.000000      -1.01517346E-08
   169.250000      -1.00534603E-08
   169.500000      -9.94717908E-09
   169.750000      -9.80677939E-09
   170.000000      -9.63783542E-09
   170.250000      -9.48522239E-09
   170.500000      -9.42404998E-09
   170.750000      -9.53705204E-09
   171.000000      -9.88747750E-09
   171.250000      -1.04983515E-08
   171.500000      -1.13465930E-08
   171.750000      -1.23743620E-08
   172.000000      -1.35124401E-08
   172.250000      -1.47052015E-08
   172.500000      -1.59258384E-08
   172.750000      -1.71742336E-08
   173.000000      -1.84582252E-08
   173.250000      -1.97675423E-08
   173.500000      -2.10539035E-08
   173.750000      -2.22285212E-08
   174.000000      -2.31801103E-08
   174.250000      -2.38066846E-08
   174.500000      -2.40477149E-08
   174.750000      -2.39033824E-08
   175.000000      -2.34337065E-08
   175.250000      -2.27386892E-08
   175.500000      -2.19279634E-08
   175.750000      -2.10915445E-08
   176.000000      -2.02819521E-08
   176.250000      -1.95125995E-08
   176.500000      -1.87705318E-08
   176.750000      -1.80362640E-08
   177.000000      -1.73010388E-08
   177.250000      -1.65741803E-08
   177.500000      -1.58783671E-08
   177.750000      -1.52365160E-08
   178.000000      -1.46575942E-08
   178.250000      -1.41282408E-08
   178.500000      -1.36137785E-08
   178.750000      -1.30677300E-08
   179.000000      -1.24458834E-08
   179.250000      -1.17199601E-08
   179.500000      -1.08869145E-08
   179.750000      -9.97137661E-09
   180.000000      -9.02051589E-09
   180.250000      -8.09277623E-09
   180.500000      -7.24416171E-09
   180.750000      -6.51696785E-09
   181.000000      -5.93508354E-09
   181.250000      -5.50688739E-09
   181.500000      -5.23292565E-09
   181.750000      -5.11329912E-09
   182.000000      -5.15061016E-09
   182.250000      -5.34738653E-09
   182.500000      -5.70006531E-09
   182.750000      -6.19277163E-09
   183.000000      -6.79353507E-09
   183.250000      -7.45447348E-09
   183.500000      -8.11658385E-09
   183.750000      -8.71858941E-09
   184.000000      -9.20757337E-09
   184.250000      -9.54773682E-09
   184.500000      -9.72378977E-09
   184.750000      -9.73796510E-09
   185.000000      -9.60292379E-09
   185.250000      -9.33477651E-09
   185.500000      -8.94958152E-09
   185.750000      -8.46387671E-09
   186.000000      -7.89720822E-09
   186.250000      -7.27386240E-09
   186.500000      -6.62217570E-09
   186.750000      -5.97160765E-09
   187.000000      -5.34905897E-09
   187.250000      -4.77621098E-09
   187.500000      -4.26903757E-09
   187.750000      -3.83927157E-09
   188.000000      -3.49631279E-09
   188.250000      -3.24754756E-09
   188.500000      -3.09603587E-09
   188.750000      -3.03653924E-09
   189.000000      -3.05266012E-09
   189.250000      -3.11795190E-09
   189.500000      -3.20198001E-09
   189.750000      -3.27951200E-09
   190.000000      -3.33891648E-09
   190.250000      -3.38558692E-09
   190.500000      -3.43805162E-09
   190.750000      -3.51761309E-09
   191.000000      -3.63553854E-09
   191.250000      -3.78371068E-09
   191.500000      -3.93380661E-09
   191.750000      -4.04638101E-09
   192.000000      -4.08626732E-09
   192.250000      -4.03712397E-09
   192.500000      -3.90806143E-09
   192.750000      -3.72910236E-09
   193.000000      -3.53780560E-09
   193.250000      -3.36364203E-09
   193.500000      -3.21742188E-09
   193.750000      -3.09041592E-09
   194.000000      -2.96325742E-09
   194.250000      -2.82034729E-09
   194.500000      -2.66301781E-09
   194.750000      -2.51515342E-09
   195.000000      -2.41826736E-09
   195.250000      -2.41799136E-09
   195.500000      -2.54799537E-09
   195.750000      -2.81835244E-09
   196.000000      -3.21296190E-09
   196.250000      -3.69626640E-09
   196.500000      -4.22559010E-09
   196.750000      -4.76373430E-09
   197.000000      -5.28716848E-09
   197.250000      -5.78755710E-09
   197.500000      -6.26720364E-09
   197.750000      -6.73119249E-09
   198.000000      -7.17993620E-09
   198.250000      -7.60518137E-09
   198.500000      -7.99079025E-09
   198.750000      -8.31747915E-09
   199.000000      -8.56903082E-09
   199.250000      -8.73729178E-09
   199.500000      -8.82422491E-09
   199.750000      -8.84059315E-09
   200.000000      -8.80206841E-09
   200.250000      -8.72436345E-09
   200.500000      -8.61911342E-09
   200.750000      -8.49185966E-09
   201.000000      -8.34259062E-09
   201.250000      -8.16824741E-09
   201.500000      -7.96584132E-09
   201.750000      -7.73464226E-09
   202.000000      -7.47666107E-09
   202.250000      -7.19561388E-09
   202.500000      -6.89541046E-09
   202.750000      -6.57917765E-09
   203.000000      -6.24947250E-09
   203.250000      -5.90936855E-09
   203.500000      -5.56353497E-09
   203.750000      -5.21840215E-09
   204.000000      -4.88092766E-09
   204.250000      -4.55645832E-09
   204.500000      -4.24673763E-09
   204.750000      -3.94919519E-09
   205.000000      -3.65804365E-09
   205.250000      -3.36689832E-09
   205.500000      -3.07194603E-09
   205.750000      -2.77417822E-09
   206.000000      -2.47964871E-09
   206.250000      -2.19740248E-09
   206.500000      -1.93569516E-09
   206.750000      -1.69827441E-09
   207.000000      -1.48255130E-09
   207.250000      -1.28082245E-09
   207.500000      -1.08427400E-09
   207.750000      -8.87616647E-10
   208.000000      -6.91759539E-10
   208.250000      -5.03134645E-10
   208.500000      -3.30056982E-10
   208.750000      -1.78105128E-10
   209.000000      -4.68986412E-11
   209.250000       7.04574038E-11
   209.500000       1.85383056E-10
   209.750000       3.10315107E-10
   210.000000       4.55096905E-10
   210.250000       6.24520102E-10
   210.500000       8.17874823E-10
   210.750000       1.03067144E-09
   211.000000       1.25776334E-09
   211.250000       1.49626100E-09
   211.500000       1.74643322E-09
   211.750000       2.01000616E-09
   212.000000       2.28681563E-09
   212.250000       2.57181143E-09
   212.500000       2.85426460E-09
   212.750000       3.11966497E-09
   213.000000       3.35323014E-09
   213.250000       3.54335983E-09
   213.500000       3.68380459E-09
   213.750000       3.77416987E-09
   214.000000       3.81889542E-09
   214.250000       3.82515886E-09
   214.500000       3.80050791E-09
   214.750000       3.75118070E-09
   215.000000       3.68187525E-09
   215.250000       3.59702446E-09
   215.500000       3.50273033E-09
   215.750000       3.40810935E-09
   216.000000       3.32500827E-09
   216.250000       3.26599614E-09
   216.500000       3.24143024E-09
   216.750000       3.25675353E-09
   217.000000       3.31102878E-09
   217.250000       3.39725603E-09
   217.500000       3.50440277E-09
   217.750000       3.62060071E-09
   218.000000       3.73638542E-09
   218.250000       3.84670296E-09
   218.500000       3.95096311E-09
   218.750000       4.05127709E-09
   219.000000       4.14991419E-09
   219.250000       4.24724522E-09
   219.500000       4.34108705E-09
   219.750000       4.42761383E-09
   220.000000       4.50322313E-09
   220.250000       4.56646099E-09
   220.500000       4.61907312E-09
   220.750000       4.66561456E-09
   221.000000       4.71169770E-09
   221.250000       4.76154094E-09
   221.500000       4.81603646E-09
   221.750000       4.87236029E-09
   222.000000       4.92534413E-09
   222.250000       4.96983965E-09
   222.500000       5.00274400E-09
   222.750000       5.02375830E-09
   223.000000       5.03470554E-09
   223.250000       5.03801756E-09
   223.500000       5.03533659E-09
   223.750000       5.02701347E-09
   224.000000       5.01273156E-09
   224.250000       4.99291275E-09
   224.500000       4.97014874E-09
   224.750000       4.94976460E-09
   225.000000       4.93895547E-09
   225.250000       4.94467756E-09
   225.500000       4.97121277E-09
   225.750000       5.01863306E-09
   226.000000       5.08296116E-09
   226.250000       5.15794385E-09
   226.500000       5.23758237E-09
   226.750000       5.31819166E-09
   227.000000       5.39905720E-09
   227.250000       5.48152590E-09
   227.500000       5.56707214E-09
   227.750000       5.65530289E-09
   228.000000       5.74284131E-09
   228.250000       5.82365045E-09
   228.500000       5.89068705E-09
   228.750000       5.93820904E-09
   229.000000       5.96366911E-09
   229.250000       5.96835203E-09
   229.500000       5.95655214E-09
   229.750000       5.93375704E-09
   230.000000       5.90472160E-09
   230.250000       5.87220939E-09
   230.500000       5.83675996E-09
   230.750000       5.79732440E-09
   231.000000       5.75233683E-09
   231.250000       5.70073055E-09
   231.500000       5.64251312E-09
   231.750000       5.57875346E-09
   232.000000       5.51104717E-09
   232.250000       5.44077050E-09
   232.500000       5.36851852E-09
   232.750000       5.29404698E-09
   233.000000       5.21672172E-09
   233.250000       5.13617637E-09
   233.500000       5.05275910E-09
   233.750000       4.96757924E-09
   234.000000       4.88223861E-09
   234.250000       4.79849183E-09
   234.500000       4.71798378E-09
   234.750000       4.64210093E-09
   235.000000       4.57186289E-09
   235.250000       4.50783366E-09
   235.500000       4.45007986E-09
   235.750000       4.39817249E-09
   236.000000       4.35119984E-09
   236.250000       4.30768665E-09
   236.500000       4.26544844E-09
   236.750000       4.22154933E-09
   237.000000       4.17256896E-09
   237.250000       4.11521217E-09
   237.500000       4.04703249E-09
   237.750000       3.96691480E-09
   238.000000       3.87510468E-09
   238.250000       3.77279408E-09
   238.500000       3.66147046E-09
   238.750000       3.54236818E-09
   239.000000       3.41624506E-09
   239.250000       3.28354388E-09
   239.500000       3.14484216E-09
   239.750000       3.00135761E-09
   240.000000       2.85519808E-09
   240.250000       2.70913403E-09
   240.500000       2.56593413E-09
   240.750000       2.42751241E-09
   241.000000       2.29430808E-09
   241.250000       2.16526974E-09
   241.500000       2.03849448E-09
   241.750000       1.91224592E-09
   242.000000       1.78583903E-09
   242.250000       1.65996739E-09
   242.500000       1.53630009E-09
   242.750000       1.41654566E-09
   243.000000       1.30142641E-09
   243.250000       1.19001464E-09
   243.500000       1.07972442E-09
   243.750000       9.67023683E-10
   244.000000       8.48586756E-10
   244.250000       7.22383708E-10
   244.500000       5.88239624E-10
   244.750000       4.47604759E-10
   245.000000       3.02645770E-10
   245.250000       1.55073177E-10
   245.500000       5.25621647E-12
   245.750000      -1.48007689E-10
   246.000000      -3.06966785E-10
   246.250000      -4.73937500E-10
   246.500000      -6.50332010E-10
   246.750000      -8.36045899E-10
   247.000000      -1.02941444E-09
   247.250000      -1.22767363E-09
   247.500000      -1.42778633E-09
   247.750000      -1.62740743E-09
   248.000000      -1.82569804E-09
   248.250000      -2.02376960E-09
   248.500000      -2.22456498E-09
   248.750000      -2.43204279E-09
   249.000000      -2.64978239E-09
   249.250000      -2.87933299E-09
   249.500000      -3.11889403E-09
   249.750000      -3.36308714E-09
   250.000000      -3.60434571E-09
   250.250000      -3.83603282E-09
   250.500000      -4.05644274E-09
   250.750000      -4.27164526E-09
   251.000000      -4.49466064E-09
   251.250000      -4.73929385E-09
   251.500000      -5.00966113E-09
   251.750000      -5.29040722E-09
   252.000000      -5.54536150E-09
   252.250000      -5.73130121E-09
   252.500000      -5.82653525E-09
   252.750000      -5.86234838E-09
   253.000000      -5.93499472E-09
   253.250000      -6.17549700E-09
   253.500000      -6.67131417E-09
   253.750000      -7.36673611E-09
   254.000000      -8.00292099E-09
   254.250000      -8.16770651E-09
   254.500000      -7.48429496E-09
   254.750000      -5.87414961E-09
   255.000000      -3.72316711E-09
   255.250000      -1.74947457E-09
   255.500000      -5.29424782E-10
   255.750000      -7.58013444E-11
