-3.413188089385434808e-07
-2.732936880401734145e-07
-2.026105706330853309e-07
-1.276938237790069619e-07
-4.728492660382702322e-08
3.687432904215850946e-08
1.227421520184670358e-07
2.068350587358625307e-07
2.873002167258730115e-07
3.624591108260013627e-07
4.333031479589982384e-07
5.010159072956958647e-07
5.684065943441676168e-07
6.372246269820591940e-07
7.101458587765785461e-07
7.877651373673386620e-07
8.712458024170101371e-07
9.603000040869260722e-07
1.055150935559328332e-06
1.155016100215562384e-06
1.260027409269821299e-06
1.368771231517818199e-06
1.480513460592837478e-06
1.592867422190452196e-06
1.704011449157874698e-06
1.811401791947881080e-06
1.914068665085530595e-06
2.011451281630670997e-06
2.105096648841080516e-06
2.196780528311863096e-06
2.289713886318310371e-06
2.385687069782730738e-06
2.486671550844906236e-06
2.593046249486856268e-06
2.705199747522004369e-06
2.821809445455540340e-06
2.941557240066917539e-06
3.061539545122975229e-06
3.179765533307817537e-06
3.294125098820783955e-06
3.406033450426418496e-06
3.518962807115459879e-06
3.638837754384589113e-06
3.768032066155768329e-06
3.901627105776114701e-06
4.021492821505640192e-06
4.100192205404949228e-06
4.109659037557084433e-06
4.039147907630210551e-06
3.905503245508033359e-06
3.750949067706263018e-06
3.616972942359530493e-06
3.514194752918699746e-06
3.404350699051008703e-06
3.219594092840202699e-06
2.908104934522034087e-06
2.486140666366334266e-06
2.052924258069069584e-06
1.755988154990372326e-06
1.716795744174259917e-06
1.969535388325828155e-06
2.448884316220608707e-06
3.038811289440015619e-06
3.636922870527005285e-06
4.194553629268422059e-06
4.708368123858120802e-06
5.189518175761387330e-06
5.635529058515072090e-06
6.027649445064074023e-06
6.342087246327043150e-06
6.566480149675997122e-06
6.704404245647429389e-06
6.773408269673978666e-06
6.796104230663655740e-06
6.798287871044843125e-06
6.807166331184802015e-06
6.850429754822871147e-06
6.945352448090402037e-06
7.089745774058627693e-06
7.259702444475930133e-06
7.424139067311621029e-06
7.559916951426781368e-06
7.662238518363275759e-06
7.741553476302682913e-06
7.819886608351771085e-06
7.919962673739613072e-06
8.043709702182590232e-06
8.131033263785987934e-06
8.033282936732690020e-06
7.547759042978366513e-06
6.545213362411238317e-06
5.126944632793046565e-06
3.688963393903581548e-06
2.787908020603642581e-06
2.856575702824170734e-06
3.942550383553816679e-06
5.658865454266980108e-06
7.375796971662619358e-06
8.526122325040014658e-06
8.830674122378978573e-06
8.340852570502928088e-06
7.309600525674948429e-06
5.993947465942555425e-06
4.492239838444232191e-06
2.697167058527333410e-06
3.800325620345470048e-07
-2.623383937425883736e-06
-6.216318588822480189e-06
-9.936074293725054554e-06
-1.303048664085463151e-05
-1.471447087109853979e-05
-1.450976940562199096e-05
-1.248949677406581951e-05
-9.284931394321463392e-06
-5.825812086747649926e-06
-2.946846791292569316e-06
-1.057162502668159648e-06
-3.378916480911312683e-08
6.373244886613098760e-07
1.558805386409173729e-06
3.117065398259385027e-06
5.312156535515434927e-06
7.794343910277506100e-06
1.006312003641856101e-05
1.171430623912593611e-05
1.259879605418328253e-05
1.283186069390738695e-05
1.267569488794701525e-05
1.239214869095394261e-05
1.214799580057705178e-05
1.200720160833992862e-05
1.196816824257655735e-05
1.199214140818385633e-05
1.199376052747378694e-05
1.182846596984596825e-05
1.131787204667205131e-05
1.032981473713548309e-05
8.868500312915949404e-06
7.120637685639749871e-06
5.422732172059050059e-06
4.171126747064292667e-06
3.705212208134667160e-06
4.198829550539018072e-06
5.586801777267537487e-06
7.569078237501602557e-06
9.706146597932843804e-06
1.157646832438938265e-05
1.291542722668100975e-05
1.367224036547228433e-05
1.396495164004460903e-05
1.398136723022465390e-05
1.388784692558985438e-05
1.379612834364002311e-05
1.378214153252168254e-05
1.391936495389972889e-05
1.427334222610346578e-05
1.484839161243642914e-05
1.551798377683141867e-05
1.599959976790041782e-05
1.591719483539579631e-05
1.495921717328433054e-05
1.307544402255094667e-05
1.061738572106522954e-05
8.297715477673416929e-06
6.934458086623661945e-06
7.076307758022963798e-06
8.708069075364687761e-06
1.119117847007342307e-05
1.346152321465787050e-05
1.436916538653187656e-05
1.304396750838735605e-05
9.205755975341092635e-06
3.352984734325307045e-06
-3.278778032789495472e-06
-9.065986140654770246e-06
-1.260649656342236858e-05
-1.334015822099807866e-05
-1.186266124309769430e-05
-9.728660460047326965e-06
-8.806178583170500519e-06
-1.047149445484571499e-05
-1.501082669499039241e-05
-2.146439375241049170e-05
-2.795954406182494083e-05
-3.238832988425482983e-05
-3.318245094296917898e-05
-2.989340119094561089e-05
-2.334427150523020971e-05
-1.527861335369473322e-05
-7.660338522232248740e-06
-1.934126543439992616e-06
1.431983337911334630e-06
2.949129951957926685e-06
3.697869606942692889e-06
4.744152963958172970e-06
6.672907703526314702e-06
9.439010492414021353e-06
1.252338260115774307e-05
1.522810725914866626e-05
1.692630967601842042e-05
1.720769856237701107e-05
1.595397097573524780e-05
1.336888671324882482e-05
9.911606304870452665e-06
6.107046463377529172e-06
2.333521052487051467e-06
-1.226878515434127412e-06
-4.425616235320620765e-06
-6.941697443303081204e-06
-8.277567037984159029e-06
-8.009260218084443279e-06
-6.106682502080013872e-06
-3.066210208910240391e-06
2.442843670002686948e-07
2.922975590461812504e-06
4.354798258634825398e-06
4.375872900370185009e-06
3.257429089711220423e-06
1.580679665126809083e-06
7.603180936494582366e-08
-5.362892163951075261e-07
2.861982144356015046e-07
2.750118368144239408e-06
6.622990646793559019e-06
1.125777048205328969e-05
1.576266645544974554e-05
1.925464460090765367e-05
2.108293041109061863e-05
2.095235631998925991e-05
1.893650541997260743e-05
1.541615545700846819e-05
1.096477275142186092e-05
6.201472442723222592e-06
1.651836062751842282e-06
-2.324176528859475546e-06
-5.532445108429966108e-06
-7.910663828990917580e-06
-9.496763102374664327e-06
-1.038888070087244017e-05
-1.068865862095841023e-05
-1.044862862092731924e-05
-9.666973123681259241e-06
-8.325294434648006114e-06
-6.428257243884145639e-06
-4.010939475921268764e-06
-1.139138981409388260e-06
2.048138082824474130e-06
5.243509154202831173e-06
7.892267002600293269e-06
9.227709800682881930e-06
8.471223728095192090e-06
5.128348729491069616e-06
-7.722347913246613650e-07
-8.636314877918027308e-06
-1.748047170229039235e-05
-2.624185646288744922e-05
-3.408592750896334697e-05
-4.060672966999193264e-05
-4.584851312225055980e-05
-5.014098595216092921e-05
-5.383994451425150318e-05
-5.714048795618921982e-05
-6.008103824573770229e-05
-6.269926776264498692e-05
-6.516088030317943806e-05
-6.772695538258324810e-05
-7.057457670521023090e-05
-7.361281086885814199e-05
-7.643335774057630292e-05
-7.844277699947820493e-05
-7.911489664292559935e-05
-7.822698829277206149e-05
-7.593803785900837182e-05
-7.266542539502455426e-05
-6.886147062596691191e-05
-6.485191375691607232e-05
-6.080521971759513596e-05
-5.677468453082107390e-05
-5.271755634601288902e-05
-4.848950078939118680e-05
-4.387526701023545085e-05
-3.869712972396813195e-05
-3.293653259901411058e-05
-2.676411076025998593e-05
-2.044292531592962375e-05
-1.418921015351352422e-05
-8.103110702293164498e-06
-2.221988139148023169e-06
3.366568643392582781e-06
8.464275340113826317e-06
1.281667989769647270e-05
1.623448159472547450e-05
1.868124924453437729e-05
2.025122035780057596e-05
2.106029479563761977e-05
2.113683764244125480e-05
2.040345358503936168e-05
1.877054642126896498e-05
1.629168975453761193e-05
1.327881909029880043e-05
1.029147185470777589e-05
7.989983345877762230e-06
6.926695609723152426e-06
7.357192207752996882e-06
9.128269555724095551e-06
1.167198937783727695e-05
1.412425412211501251e-05
1.555880677049024976e-05
1.527774565507229721e-05
1.305205280338196352e-05
9.216495230876673632e-06
4.560880578271062706e-06
5.448845884195850359e-08
-3.474268621817524352e-06
-5.550727547970470360e-06
-6.074732558174878624e-06
-5.194242925125446353e-06
-3.152455504993307328e-06
-1.962243850469962906e-07
3.441531254629445936e-06
7.527677978917775758e-06
1.180212952654989951e-05
1.593727769271199540e-05
1.949863856819941877e-05
2.194973215454920309e-05
2.274473940602164774e-05
2.150390976978941123e-05
1.820602855803916457e-05
1.330524763192122519e-05
7.689435766285010446e-06
2.467090151924852421e-06
-1.343639033659473349e-06
-3.095900131278650150e-06
-2.660858793327623166e-06
-4.006543691173217368e-07
2.989068405369409228e-06
6.695819969250509392e-06
9.987673282142843173e-06
1.233264957830146871e-05
1.342185946590618550e-05
1.312465948345534498e-05
1.143628418033195972e-05
8.469043437681209789e-06
4.490001113819490307e-06
-4.759378447416936798e-08
-4.548029191244540131e-06
-8.434655957613343449e-06
-1.136642450273799723e-05
-1.336804479069954737e-05
-1.476225832643099653e-05
-1.594525709317682293e-05
-1.718544908714522687e-05
-1.859889824169211380e-05
-2.027850461446300591e-05
-2.239844284227541436e-05
-2.515775844251801459e-05
-2.859409387846078887e-05
-3.245144134173262823e-05
-3.625551916221779784e-05
-3.957403170292904360e-05
-4.226806084341144771e-05
-4.451875724069862900e-05
-4.657132486868071546e-05
-4.834664230982076963e-05
-4.918616719022622885e-05
-4.793722391980688945e-05
-4.337851767362440290e-05
-3.477589468048887902e-05
-2.228091076196594617e-05
-6.973201424111072783e-06
9.453913686894670199e-06
2.519533501991357677e-05
3.879558305266251695e-05
4.942024581636305790e-05
5.690726867748260843e-05
6.165071381946598693e-05
6.437134979663085364e-05
6.583450332059985922e-05
6.660173158649710637e-05
6.692243650717077561e-05
6.680340059761548138e-05
6.617086913211776866e-05
6.499237632402302719e-05
6.329149547854454679e-05
6.111766868301060586e-05
5.856849595854854787e-05
5.587905363826150765e-05
5.348674098569391458e-05
5.195910668597852113e-05
5.177181184371260655e-05
5.305665979851954611e-05
5.548068748732950660e-05
5.834200075561073455e-05
6.083753218057741147e-05
6.237100098354138994e-05
6.276929868661685708e-05
6.232564346325630779e-05
6.165779080543323180e-05
6.144542528921917077e-05
6.214898503126536477e-05
6.382610053536396440e-05
6.612352582217931307e-05
6.844492004174805230e-05
7.019840175614158696e-05
7.099122654119265020e-05
7.068445279384017192e-05
6.931746990921834899e-05
6.698826666164460519e-05
6.377759719537111306e-05
5.974600863447488309e-05
5.498038080063540799e-05
4.963216835888632295e-05
4.390643535624581427e-05
3.800352645209228281e-05
3.205051155713724000e-05
2.607189340925457777e-05
2.003376546712359537e-05
1.393292275942636432e-05
7.850872805087550179e-06
1.926782365562023938e-06
-3.712707504475860306e-06
-8.992861093158153877e-06
-1.386297754983569442e-05
-1.824029485917257171e-05
-2.199194457923390848e-05
-2.496204946186246482e-05
-2.702604168045508252e-05
-2.811767298457641396e-05
-2.822655678834484113e-05
-2.739513338018359783e-05
-2.573251426749715486e-05
-2.344098112274902238e-05
-2.082211673825036137e-05
-1.824595080832739152e-05
-1.608690343411491066e-05
-1.463282662253570526e-05
-1.399314326887965446e-05
-1.403722422555938917e-05
-1.442078534778867699e-05
-1.473025151478884719e-05
-1.470010327826519025e-05
-1.437314157526922796e-05
-1.407421877799014393e-05
-1.418231736331593072e-05
-1.484980388395432693e-05
-1.587065374097837626e-05
-1.680380385301031120e-05
-1.726486698900121049e-05
-1.717831283453811420e-05
-1.682335252837266178e-05
-1.664896978584883813e-05
-1.698697174219311032e-05
-1.785084683873616916e-05
-1.894372063882139421e-05
-1.984025504618493630e-05
-2.019668678482422280e-05
-1.984712378161594020e-05
-1.876879404975027605e-05
-1.702177415489103575e-05
-1.476253697703953981e-05
-1.231303903672656987e-05
-1.016891126346367944e-05
-8.857518598538068597e-06
-8.685113492154028172e-06
-9.530487378804635787e-06
-1.084232694689339070e-05
-1.188315305630180204e-05
-1.210035359969747842e-05
-1.141818339822318082e-05
-1.028901915260707116e-05
-9.477464877202580490e-06
-9.689149183750747659e-06
-1.122641982443125720e-05
-1.383091873870874889e-05
-1.678173915123798240e-05
-1.919623801424672307e-05
-2.038946023298382785e-05
-2.012192996776166851e-05
-1.862813881321574911e-05
-1.643685703790698512e-05
-1.410610080699109810e-05
-1.201699684033453722e-05
-1.030874483094364666e-05
-8.936906361771612743e-06
-7.782268943510598774e-06
-6.740405812555227760e-06
-5.762071271879545391e-06
-4.839210428675117767e-06
-3.968721098516881412e-06
-3.139168792617038756e-06
-2.369529447690096928e-06
-1.778497093401859046e-06
-1.624660966687633153e-06
-2.262659442829315983e-06
-4.015349906953654804e-06
-7.009961909006394684e-06
-1.105334867935087216e-05
-1.561105254847135917e-05
-1.992653328967577779e-05
-2.325752730375265159e-05
-2.514776150373137465e-05
-2.560633013674066340e-05
-2.509322790108867168e-05
-2.430058061814199629e-05
-2.383503465585275010e-05
-2.396067600716302238e-05
-2.452516298108028487e-05
-2.507983122112626006e-05
-2.511153339897448882e-05
-2.427028147738354244e-05
-2.250791870110547177e-05
-2.008617187234761946e-05
-1.746102379880829931e-05
-1.508982269664566028e-05
-1.325156287838300851e-05
-1.197299778747956050e-05
-1.110168772368066931e-05
-1.046864033171618912e-05
-1.002161744328072595e-05
-9.831566453409800669e-06
-9.977258683444837465e-06
-1.040123350843320361e-05
-1.085283790797727449e-05
-1.096785146315047653e-05
-1.044462963366529795e-05
-9.212636867385474223e-06
-7.500092734412783394e-06
-5.762754020305751558e-06
-4.510031839630827787e-06
-4.106022700519463201e-06
-4.627445807629723877e-06
-5.825604296479568124e-06
-7.195838899075271969e-06
-8.117734255530632758e-06
-8.028516950354771441e-06
-6.593904556236719974e-06
-3.838257575645311314e-06
-1.771011137232470544e-07
3.688287615167572318e-06
7.002158195907475238e-06
9.218136965990561871e-06
1.017431212272998302e-05
1.008907459079363434e-05
9.385853058661279438e-06
8.442981691421417594e-06
7.408025184017757975e-06
6.172360567652321435e-06
4.508310445649799824e-06
2.269955401872580492e-06
-4.693541717972200449e-07
-3.418894468402147360e-06
-6.190189957445678595e-06
-8.448420151125129863e-06
-1.000090393547141261e-05
-1.078901804570966928e-05
-1.081372487188723527e-05
-1.007160846480324690e-05
-8.552639814859898398e-06
-6.296662456086210556e-06
-3.445160072994596744e-06
