AK135 TAUP
1.0 4.0 8   5.80000   3.46000   2.72000    0.00
            5.80000   3.46000   2.72000   20.00
            6.50000   3.85000   2.92000   20.00
            6.50000   3.85000   2.92000   35.00
            8.04000   4.48000   3.31980   35.00
            8.04500   4.49000   3.34550   77.50
            8.05000   4.50000   3.37130  120.00
            8.17500   4.50900   3.39850  165.00
        8   5.80000   3.46000   2.72000    0.00
            5.80000   3.46000   2.72000   20.00
            6.50000   3.85000   2.92000   20.00
            6.50000   3.85000   2.92000   35.00
            8.04000   4.48000   3.31980   35.00
            8.04500   4.49000   3.34550   77.50
            8.05000   4.50000   3.37130  120.00
            8.17500   4.50900   3.39850  165.00
        8   5.80000   3.46000   2.72000    0.00
            5.80000   3.46000   2.72000   20.00
            6.50000   3.85000   2.92000   20.00
            6.50000   3.85000   2.92000   35.00
            8.04000   4.48000   3.31980   35.00
            8.04500   4.49000   3.34550   77.50
            8.05000   4.50000   3.37130  120.00
            8.17500   4.50900   3.39850  165.00
