   0.00000000      -1.03017455E-05
  0.250000000      -1.00846119E-05
  0.500000000      -9.86435407E-06
  0.750000000      -9.64083483E-06
   1.00000000      -9.41384587E-06
   1.25000000      -9.18395835E-06
   1.50000000      -8.95104131E-06
   1.75000000      -8.71464727E-06
   2.00000000      -8.47511001E-06
   2.25000000      -8.23265509E-06
   2.50000000      -7.98727979E-06
   2.75000000      -7.73897591E-06
   3.00000000      -7.48775619E-06
   3.25000000      -7.23383391E-06
   3.50000000      -6.97699443E-06
   3.75000000      -6.71734688E-06
   4.00000000      -6.45475211E-06
   4.25000000      -6.18923377E-06
   4.50000000      -5.92145761E-06
   4.75000000      -5.65110122E-06
   5.00000000      -5.37802725E-06
   5.25000000      -5.10197469E-06
   5.50000000      -4.82346377E-06
   5.75000000      -4.54364545E-06
   6.00000000      -4.26104270E-06
   6.25000000      -3.97414215E-06
   6.50000000      -3.68597739E-06
   6.75000000      -3.39931466E-06
   7.00000000      -3.10878545E-06
   7.25000000      -2.80731706E-06
   7.50000000      -2.50704556E-06
   7.75000000      -2.22495009E-06
   8.00000000      -1.93340566E-06
   8.25000000      -1.59584306E-06
   8.50000000      -1.27263036E-06
   8.75000000      -1.04549122E-06
   9.00000000      -7.74632554E-07
   9.25000000      -2.53757150E-07
   9.50000000       2.36949532E-07
   9.75000000       3.63704117E-07
   10.0000000       1.76802109E-06
   10.2500000       9.28329155E-06
   10.5000000       2.87544590E-05
   10.7500000       6.31953953E-05
   11.0000000       1.11500340E-04
   11.2500000       1.70603875E-04
   11.5000000       2.37976245E-04
   11.7500000       3.11964657E-04
   12.0000000       3.90875910E-04
   12.2500000       4.73137858E-04
   12.5000000       5.58495638E-04
   12.7500000       6.47071109E-04
   13.0000000       7.35133130E-04
   13.2500000       8.12637329E-04
   13.5000000       8.67660274E-04
   13.7500000       8.94022174E-04
   14.0000000       8.93688761E-04
   14.2500000       8.72540579E-04
   14.5000000       8.35706596E-04
   14.7500000       7.86652614E-04
   15.0000000       7.28265732E-04
   15.2500000       6.62997423E-04
   15.5000000       5.92150318E-04
   15.7500000       5.16455621E-04
   16.0000000       4.38398100E-04
   16.2500000       3.63483385E-04
   16.5000000       2.98017345E-04
   16.7500000       2.45397940E-04
   17.0000000       2.04920230E-04
   17.2500000       1.73625100E-04
   17.5000000       1.48439809E-04
   17.7500000       1.26990853E-04
   18.0000000       1.07667351E-04
   18.2500000       8.95614940E-05
   18.5000000       7.22880795E-05
   18.7500000       5.57383100E-05
   19.0000000       3.98573102E-05
   19.2500000       2.44408875E-05
   19.5000000       9.23984317E-06
   19.7500000      -5.59457521E-06
   20.0000000      -1.97691788E-05
   20.2500000      -3.44949876E-05
   20.5000000      -5.37287706E-05
   20.7500000      -8.26010364E-05
   21.0000000      -1.24080194E-04
   21.2500000      -1.77526686E-04
   21.5000000      -2.40355512E-04
   21.7500000      -3.10327043E-04
   22.0000000      -3.86026048E-04
   22.2500000      -4.66008176E-04
   22.5000000      -5.48848882E-04
   22.7500000      -6.34354365E-04
   23.0000000      -7.22857367E-04
   23.2500000      -8.10986501E-04
   23.5000000      -8.88713461E-04
   23.7500000      -9.43459512E-04
   24.0000000      -9.68154869E-04
   24.2500000      -9.64356936E-04
   24.5000000      -9.38161102E-04
   24.7500000      -8.95106525E-04
   25.0000000      -8.38928681E-04
   25.2500000      -7.72677129E-04
   25.5000000      -6.98981341E-04
   25.7500000      -6.19282422E-04
   26.0000000      -5.34303952E-04
   26.2500000      -4.46542632E-04
   26.5000000      -3.61900980E-04
   26.7500000      -2.87459057E-04
   27.0000000      -2.27238284E-04
   27.2500000      -1.80657895E-04
   27.5000000      -1.44722479E-04
   27.7500000      -1.16644253E-04
   28.0000000      -9.45318025E-05
   28.2500000      -7.69497346E-05
   28.5000000      -6.27210466E-05
   28.7500000      -5.10141726E-05
   29.0000000      -4.12861955E-05
   29.2500000      -3.31262017E-05
   29.5000000      -2.62000049E-05
   29.7500000      -2.02622250E-05
   30.0000000      -1.51359845E-05
   30.2500000      -1.06790949E-05
   30.5000000      -6.77492699E-06
   30.7500000      -3.33354137E-06
   31.0000000      -2.84466722E-07
   31.2500000       2.43167710E-06
   31.5000000       4.86327235E-06
   31.7500000       7.04918284E-06
   32.0000000       9.02242300E-06
   32.2500000       1.08105924E-05
   32.5000000       1.24357593E-05
   32.7500000       1.39176109E-05
   33.0000000       1.52743432E-05
   33.2500000       1.65195252E-05
   33.5000000       1.76636440E-05
   33.7500000       1.87177629E-05
   34.0000000       1.96926485E-05
   34.2500000       2.05957786E-05
   34.5000000       2.14324318E-05
   34.7500000       2.22089275E-05
   35.0000000       2.29313955E-05
   35.2500000       2.36048709E-05
   35.5000000       2.42332553E-05
   35.7500000       2.48196902E-05
   36.0000000       2.53675335E-05
   36.2500000       2.58799682E-05
   36.5000000       2.63599613E-05
   36.7500000       2.68095464E-05
   37.0000000       2.72302113E-05
   37.2500000       2.76242499E-05
   37.5000000       2.79941196E-05
   37.7500000       2.83415775E-05
   38.0000000       2.86668856E-05
   38.2500000       2.89705440E-05
   38.5000000       2.92545355E-05
   38.7500000       2.95208793E-05
   39.0000000       2.97706574E-05
   39.2500000       3.00037209E-05
   39.5000000       3.02206099E-05
   39.7500000       3.04226542E-05
   40.0000000       3.06104812E-05
   40.2500000       3.07845221E-05
   40.5000000       3.09457610E-05
   40.7500000       3.10949945E-05
   41.0000000       3.12326520E-05
   41.2500000       3.13585770E-05
   41.5000000       3.14730059E-05
   41.7500000       3.15771395E-05
   42.0000000       3.16710757E-05
   42.2500000       3.17552731E-05
   42.5000000       3.18302737E-05
   42.7500000       3.18959719E-05
   43.0000000       3.19524479E-05
   43.2500000       3.19998107E-05
   43.5000000       3.20387262E-05
   43.7500000       3.20695253E-05
   44.0000000       3.20924082E-05
   44.2500000       3.21073567E-05
   44.5000000       3.21148582E-05
   44.7500000       3.21156804E-05
   45.0000000       3.21090083E-05
   45.2500000       3.20947256E-05
   45.5000000       3.20737308E-05
   45.7500000       3.20464933E-05
   46.0000000       3.20128602E-05
   46.2500000       3.19722749E-05
   46.5000000       3.19254141E-05
   46.7500000       3.18727180E-05
   47.0000000       3.18139610E-05
   47.2500000       3.17491831E-05
   47.5000000       3.16785008E-05
   47.7500000       3.16023579E-05
   48.0000000       3.15208054E-05
   48.2500000       3.14336721E-05
   48.5000000       3.13411765E-05
   48.7500000       3.12435295E-05
   49.0000000       3.11408585E-05
   49.2500000       3.10333817E-05
   49.5000000       3.09209208E-05
   49.7500000       3.08034141E-05
   50.0000000       3.06810834E-05
   50.2500000       3.05542635E-05
   50.5000000       3.04231289E-05
   50.7500000       3.02875051E-05
   51.0000000       3.01472701E-05
   51.2500000       3.00025804E-05
   51.5000000       2.98537307E-05
   51.7500000       2.97010029E-05
   52.0000000       2.95441623E-05
   52.2500000       2.93830235E-05
   52.5000000       2.92178265E-05
   52.7500000       2.90490152E-05
   53.0000000       2.88764622E-05
   53.2500000       2.86999420E-05
   53.5000000       2.85199603E-05
   53.7500000       2.83366880E-05
   54.0000000       2.81500070E-05
   54.2500000       2.79598626E-05
   54.5000000       2.77663385E-05
   54.7500000       2.75694219E-05
   55.0000000       2.73691912E-05
   55.2500000       2.71658755E-05
   55.5000000       2.69597567E-05
   55.7500000       2.67507494E-05
   56.0000000       2.65386461E-05
   56.2500000       2.63235579E-05
   56.5000000       2.61057085E-05
   56.7500000       2.58852942E-05
   57.0000000       2.56622225E-05
   57.2500000       2.54364968E-05
   57.5000000       2.52083119E-05
   57.7500000       2.49776640E-05
   58.0000000       2.47445732E-05
   58.2500000       2.45090669E-05
   58.5000000       2.42713795E-05
   58.7500000       2.40315821E-05
   59.0000000       2.37894346E-05
   59.2500000       2.35451007E-05
   59.5000000       2.32988441E-05
   59.7500000       2.30507067E-05
   60.0000000       2.28007157E-05
   60.2500000       2.25488984E-05
   60.5000000       2.22953240E-05
   60.7500000       2.20399852E-05
   61.0000000       2.17828601E-05
   61.2500000       2.15241653E-05
   61.5000000       2.12641280E-05
   61.7500000       2.10026919E-05
   62.0000000       2.07397807E-05
   62.2500000       2.04754488E-05
   62.5000000       2.02097326E-05
   62.7500000       1.99427795E-05
   63.0000000       1.96748260E-05
   63.2500000       1.94058066E-05
   63.5000000       1.91355339E-05
   63.7500000       1.88641552E-05
   64.0000000       1.85918561E-05
   64.2500000       1.83185603E-05
   64.5000000       1.80444731E-05
   64.7500000       1.77699749E-05
   65.0000000       1.74948382E-05
   65.2500000       1.72187938E-05
   65.5000000       1.69420873E-05
   65.7500000       1.66649625E-05
   66.0000000       1.63873756E-05
   66.2500000       1.61092812E-05
   66.5000000       1.58306684E-05
   66.7500000       1.55514717E-05
   67.0000000       1.52719131E-05
   67.2500000       1.49922589E-05
   67.5000000       1.47125647E-05
   67.7500000       1.44328524E-05
   68.0000000       1.41531173E-05
   68.2500000       1.38732803E-05
   68.5000000       1.35932851E-05
   68.7500000       1.33133672E-05
   69.0000000       1.30337658E-05
   69.2500000       1.27544217E-05
   69.5000000       1.24752341E-05
   69.7500000       1.21962730E-05
   70.0000000       1.19176120E-05
   70.2500000       1.16393057E-05
   70.5000000       1.13615733E-05
   70.7500000       1.10845313E-05
   71.0000000       1.08079630E-05
   71.2500000       1.05316349E-05
   71.5000000       1.02556705E-05
   71.7500000       9.98042287E-06
   72.0000000       9.70601923E-06
   72.2500000       9.43237410E-06
   72.5000000       9.15939927E-06
   72.7500000       8.88709928E-06
   73.0000000       8.61561693E-06
   73.2500000       8.34521143E-06
   73.5000000       8.07590550E-06
   73.7500000       7.80745449E-06
   74.0000000       7.53988297E-06
   74.2500000       7.27344741E-06
   74.5000000       7.00828878E-06
   74.7500000       6.74430748E-06
   75.0000000       6.48139894E-06
   75.2500000       6.21993877E-06
   75.5000000       5.95990650E-06
   75.7500000       5.70090879E-06
   76.0000000       5.44332897E-06
   76.2500000       5.18741126E-06
   76.5000000       4.93269135E-06
   76.7500000       4.67914788E-06
   77.0000000       4.42725786E-06
   77.2500000       4.17704678E-06
   77.5000000       3.92837137E-06
   77.7500000       3.68126098E-06
   78.0000000       3.43582474E-06
   78.2500000       3.19206083E-06
   78.5000000       2.95002906E-06
   78.7500000       2.70977716E-06
   79.0000000       2.47121920E-06
   79.2500000       2.23452844E-06
   79.5000000       1.99981400E-06
   79.7500000       1.76695789E-06
   80.0000000       1.53596750E-06
   80.2500000       1.30700641E-06
   80.5000000       1.07995936E-06
   80.7500000       8.54858399E-07
   81.0000000       6.31811361E-07
   81.2500000       4.10757423E-07
   81.5000000       1.91752235E-07
   81.7500000      -2.50589505E-08
   82.0000000      -2.39625024E-07
   82.2500000      -4.52088528E-07
   82.5000000      -6.62390960E-07
   82.7500000      -8.70419342E-07
   83.0000000      -1.07620963E-06
   83.2500000      -1.27981787E-06
   83.5000000      -1.48106847E-06
   83.7500000      -1.67988287E-06
   84.0000000      -1.87646060E-06
   84.2500000      -2.07074731E-06
   84.5000000      -2.26260318E-06
   84.7500000      -2.45194974E-06
   85.0000000      -2.63878496E-06
   85.2500000      -2.82299425E-06
   85.5000000      -3.00457327E-06
   85.7500000      -3.18363072E-06
   86.0000000      -3.36028916E-06
   86.2500000      -3.53466658E-06
   86.5000000      -3.70650332E-06
   86.7500000      -3.87555019E-06
   87.0000000      -4.04195362E-06
   87.2500000      -4.20576907E-06
   87.5000000      -4.36679557E-06
   87.7500000      -4.52500990E-06
   88.0000000      -4.68051940E-06
   88.2500000      -4.83329495E-06
   88.5000000      -4.98336976E-06
   88.7500000      -5.13083069E-06
   89.0000000      -5.27554175E-06
   89.2500000      -5.41739064E-06
   89.5000000      -5.55626002E-06
   89.7500000      -5.69215035E-06
   90.0000000      -5.82520897E-06
   90.2500000      -5.95546271E-06
   90.5000000      -6.08273831E-06
   90.7500000      -6.20697256E-06
   91.0000000      -6.32831870E-06
   91.2500000      -6.44704051E-06
   91.5000000      -6.56284601E-06
   91.7500000      -6.67529139E-06
   92.0000000      -6.78458491E-06
   92.2500000      -6.89113631E-06
   92.5000000      -6.99507564E-06
   92.7500000      -7.09594542E-06
   93.0000000      -7.19345098E-06
   93.2500000      -7.28780833E-06
   93.5000000      -7.37918390E-06
   93.7500000      -7.46744854E-06
   94.0000000      -7.55253677E-06
   94.2500000      -7.63454864E-06
   94.5000000      -7.71342275E-06
   94.7500000      -7.78908907E-06
   95.0000000      -7.86160854E-06
   95.2500000      -7.93105573E-06
   95.5000000      -7.99731151E-06
   95.7500000      -8.06023127E-06
   96.0000000      -8.11996324E-06
   96.2500000      -8.17665295E-06
   96.5000000      -8.23017217E-06
   96.7500000      -8.28029079E-06
   97.0000000      -8.32701880E-06
   97.2500000      -8.37054449E-06
   97.5000000      -8.41101701E-06
   97.7500000      -8.44830629E-06
   98.0000000      -8.48215950E-06
   98.2500000      -8.51252753E-06
   98.5000000      -8.53955498E-06
   98.7500000      -8.56341649E-06
   99.0000000      -8.58402473E-06
   99.2500000      -8.60120872E-06
   99.5000000      -8.61496210E-06
   99.7500000      -8.62539764E-06
   100.000000      -8.63256628E-06
   100.250000      -8.63642617E-06
   100.500000      -8.63689365E-06
   100.750000      -8.63395780E-06
   101.000000      -8.62759589E-06
   101.250000      -8.61776516E-06
   101.500000      -8.60448017E-06
   101.750000      -8.58777184E-06
   102.000000      -8.56767929E-06
   102.250000      -8.54422251E-06
   102.500000      -8.51736695E-06
   102.750000      -8.48702166E-06
   103.000000      -8.45315208E-06
   103.250000      -8.41581550E-06
   103.500000      -8.37505468E-06
   103.750000      -8.33086051E-06
   104.000000      -8.28327484E-06
   104.250000      -8.23235769E-06
   104.500000      -8.17798718E-06
   104.750000      -8.11993959E-06
   105.000000      -8.05820400E-06
   105.250000      -7.99297050E-06
   105.500000      -7.92433821E-06
   105.750000      -7.85221982E-06
   106.000000      -7.77648438E-06
   106.250000      -7.69706912E-06
   106.500000      -7.61407364E-06
   106.750000      -7.52765891E-06
   107.000000      -7.43785085E-06
   107.250000      -7.34451714E-06
   107.500000      -7.24751044E-06
   107.750000      -7.14684120E-06
   108.000000      -7.04263994E-06
   108.250000      -6.93496850E-06
   108.500000      -6.82382233E-06
   108.750000      -6.70913778E-06
   109.000000      -6.59074840E-06
   109.250000      -6.46860008E-06
   109.500000      -6.34283106E-06
   109.750000      -6.21348499E-06
   110.000000      -6.08047822E-06
   110.250000      -5.94383255E-06
   110.500000      -5.80366213E-06
   110.750000      -5.65994242E-06
   111.000000      -5.51253879E-06
   111.250000      -5.36140806E-06
   111.500000      -5.20659160E-06
   111.750000      -5.04814716E-06
   112.000000      -4.88608930E-06
   112.250000      -4.72038164E-06
   112.500000      -4.55099416E-06
   112.750000      -4.37795688E-06
   113.000000      -4.20133119E-06
   113.250000      -4.02109526E-06
   113.500000      -3.83707447E-06
   113.750000      -3.64925972E-06
   114.000000      -3.45781996E-06
   114.250000      -3.26271629E-06
   114.500000      -3.06386437E-06
   114.750000      -2.86135059E-06
   115.000000      -2.65522044E-06
   115.250000      -2.44541138E-06
   115.500000      -2.23182269E-06
   115.750000      -2.01440298E-06
   116.000000      -1.79323661E-06
   116.250000      -1.56840963E-06
   116.500000      -1.33993717E-06
   116.750000      -1.10774681E-06
   117.000000      -8.71783755E-07
   117.250000      -6.32108879E-07
   117.500000      -3.88721219E-07
   117.750000      -1.41490546E-07
   118.000000       1.09603889E-07
   118.250000       3.64440353E-07
   118.500000       6.22977268E-07
   118.750000       8.85293275E-07
   119.000000       1.15141404E-06
   119.250000       1.42129022E-06
   119.500000       1.69495956E-06
   119.750000       1.97245117E-06
   120.000000       2.25369990E-06
   120.250000       2.53864937E-06
   120.500000       2.82735596E-06
   120.750000       3.12001430E-06
   121.000000       3.41651594E-06
   121.250000       3.71646297E-06
   121.500000       4.02016940E-06
   121.750000       4.32848901E-06
   122.000000       4.64080586E-06
   122.250000       4.95521954E-06
   122.500000       5.27305156E-06
   122.750000       5.59851060E-06
   123.000000       5.92870083E-06
   123.250000       6.25437679E-06
   123.500000       6.58190629E-06
   123.750000       6.93178117E-06
   124.000000       7.29001158E-06
   124.250000       7.61113233E-06
   124.500000       7.92587525E-06
   124.750000       8.33518516E-06
   125.000000       8.77168713E-06
   125.250000       9.01139538E-06
   125.500000       9.20187176E-06
   125.750000       9.84000599E-06
   126.000000       1.06029747E-05
   126.250000       1.03888797E-05
   126.500000       9.89939781E-06
   126.750000       1.15720213E-05
   127.000000       1.39884787E-05
   127.250000       1.19382748E-05
   127.500000       5.72167482E-06
   127.750000       1.14770887E-06
