4.952270842295547482e-07
6.938876708773022983e-07
8.804654498817399144e-07
1.009115408123761881e-06
1.070205712494498584e-06
1.035374452840187587e-06
9.217428669217042625e-07
7.713684340160398278e-07
5.893124352951417677e-07
3.512861610488471342e-07
4.089396554718405241e-08
-2.697787238048476866e-07
-5.046694582233612891e-07
-6.154216407594503835e-07
-6.171252380227087997e-07
-5.095006372357602231e-07
-3.021185364104894688e-07
-2.601710669125623099e-08
2.391608973084657919e-07
4.305653362735029077e-07
5.448271735986054409e-07
6.213163032953161746e-07
7.020261705292796250e-07
8.250359542216756381e-07
1.020917238747642841e-06
1.285231405745435040e-06
1.567392018841928802e-06
1.787297037481039297e-06
1.860357087934971787e-06
1.734951410981011577e-06
1.433092847946682014e-06
1.050462856255762745e-06
6.907282568135997280e-07
3.836270252577378415e-07
8.481849533836793853e-08
-2.215433596575167030e-07
-4.402577928885875735e-07
-4.368439476820640266e-07
-2.118848101417825092e-07
6.310273192866588943e-08
2.491946986538096098e-07
4.108757138965302147e-07
7.191993631749937776e-07
1.280210312870622147e-06
2.139303205694886856e-06
3.402734364499337971e-06
5.297096777212573215e-06
8.116766366583760828e-06
1.205870739795500413e-05
1.683941445662640035e-05
2.139490243280306458e-05
2.444472193019464612e-05
2.568162017269060016e-05
2.600425250420812517e-05
2.615185803733766079e-05
2.555331957410089672e-05
2.325282548554241657e-05
1.947416421899106354e-05
1.531790621811524034e-05
1.143818735727109015e-05
7.966688826854806393e-06
5.281674475554609671e-06
3.861380719172302634e-06
3.529901277943281457e-06
3.660718448372790590e-06
3.901783202309161425e-06
4.096164502698229626e-06
4.034332960145547986e-06
3.745596359294722788e-06
3.465818963377387263e-06
3.159757397952489555e-06
2.624339686008170247e-06
1.979004764507408254e-06
1.461512056266656145e-06
1.012552729662274942e-06
5.801568931929068640e-07
3.288363643605407560e-07
2.460444932239624904e-07
1.892321677132713376e-07
4.052591577874409268e-07
1.258561383110645693e-06
2.320040493941633031e-06
2.524740693843341433e-06
1.455028268537716940e-06
-3.376808876964787487e-07
-2.298568688274826854e-06
-4.403516868478618562e-06
-6.994373961788369343e-06
-1.046874876919900998e-05
-1.465853347326628864e-05
-1.855320988397579640e-05
-2.124035017914138734e-05
-2.295289959874935448e-05
-2.453311935823876411e-05
-2.597604907350614667e-05
-2.631965617183595896e-05
-2.506626151443924755e-05
-2.285578375449404120e-05
-2.044281063717789948e-05
-1.783486732165329158e-05
-1.493778290750924498e-05
-1.219788282469380647e-05
-9.989169484470039606e-06
-8.154923307301942259e-06
-6.507956641144119203e-06
-5.080843493487918749e-06
-3.793323912759660743e-06
-2.515439291528309695e-06
-1.647367071200278588e-06
-1.947044211192405783e-06
-3.361683411640115082e-06
-4.804046056960942224e-06
-5.421799414762062952e-06
-5.305892500473419204e-06
-4.918689228361472487e-06
-4.456755050341598690e-06
-3.700577735799015500e-06
-2.282676177856046706e-06
-2.858944867512036581e-07
1.568412699270993471e-06
2.654215677466709167e-06
3.034188466699561104e-06
3.071773107876651920e-06
2.944777634183992632e-06
2.639027343320776708e-06
2.070174332402530126e-06
1.251390244760841597e-06
4.105004904886300210e-07
-5.153039950300808414e-08
2.417121436337765772e-07
1.227461098096682690e-06
2.342059133297880180e-06
3.145509708701865748e-06
3.734440269909100607e-06
4.456876467884285375e-06
5.480677373270737007e-06
6.613762252527521923e-06
7.454536898876540363e-06
7.822958650649525225e-06
7.926543730718549341e-06
7.893418114690575749e-06
7.458294930984266102e-06
6.428499546018429101e-06
5.145621798874344677e-06
4.130514298594789580e-06
3.402752554393373430e-06
2.558904725447064266e-06
1.526240566818160005e-06
7.244028665809310041e-07
4.826646886613161769e-07
7.570370144094340503e-07
1.294646835958701558e-06
1.798982566469931044e-06
2.134777560058864765e-06
2.487381607352290303e-06
3.146066774206701666e-06
4.115082447242457420e-06
5.062368472863454372e-06
5.627909558825194836e-06
5.793276613985653967e-06
5.955353572062449530e-06
6.415052212105365470e-06
6.875412964291172102e-06
6.802922143833711743e-06
6.089343514759093523e-06
5.003513706469675526e-06
3.780673068831674755e-06
2.615965058794245124e-06
1.742136987559206318e-06
1.129918473452562466e-06
4.608564552199823083e-07
-3.127964589566545328e-07
-8.818218475425965153e-07
-1.268869709747377783e-06
-1.884431867438252084e-06
-2.902390633607865311e-06
-3.665392341645201668e-06
-3.704810296767391264e-06
-3.319979441585019231e-06
-3.403414893909939565e-06
-4.050080406159395352e-06
-4.591656761476770043e-06
-4.341392923379316926e-06
-3.586768571040011011e-06
-2.869749096134910360e-06
-2.184081267841975205e-06
-1.240401275026670191e-06
6.560265575217272271e-08
1.099836822504585143e-06
1.870358801170368679e-06
2.071036306006135419e-06
2.529243602111819200e-06
2.561135715950513259e-06
3.482184638414764777e-06
2.091018359351437539e-06
2.091018359351437539e-06
2.091018359351437539e-06
2.091018359351437539e-06
2.091018359351437539e-06
2.091018359351437539e-06
2.091018359351437539e-06