   0.00000000      -7.03483893E-05
  0.250000000      -6.94599876E-05
  0.500000000      -6.85517080E-05
  0.750000000      -6.76235359E-05
   1.00000000      -6.66750129E-05
   1.25000000      -6.57061682E-05
   1.50000000      -6.47178458E-05
   1.75000000      -6.37091944E-05
   2.00000000      -6.26810870E-05
   2.25000000      -6.16330872E-05
   2.50000000      -6.05651912E-05
   2.75000000      -5.94773483E-05
   3.00000000      -5.83695655E-05
   3.25000000      -5.72432291E-05
   3.50000000      -5.60983135E-05
   3.75000000      -5.49339202E-05
   4.00000000      -5.37500127E-05
   4.25000000      -5.25470277E-05
   4.50000000      -5.13258892E-05
   4.75000000      -5.00870847E-05
   5.00000000      -4.88301121E-05
   5.25000000      -4.75535635E-05
   5.50000000      -4.62583921E-05
   5.75000000      -4.49468498E-05
   6.00000000      -4.36179835E-05
   6.25000000      -4.22708945E-05
   6.50000000      -4.09065833E-05
   6.75000000      -3.95259121E-05
   7.00000000      -3.81263671E-05
   7.25000000      -3.67075700E-05
   7.50000000      -3.52768147E-05
   7.75000000      -3.38348182E-05
   8.00000000      -3.23663371E-05
   8.25000000      -3.08704948E-05
   8.50000000      -2.93829780E-05
   8.75000000      -2.79049855E-05
   9.00000000      -2.63132588E-05
   9.25000000      -2.44054700E-05
   9.50000000      -2.20524253E-05
   9.75000000      -1.92487805E-05
   10.0000000      -1.60027375E-05
   10.2500000      -1.22086212E-05
   10.5000000      -7.56369172E-06
   10.7500000      -1.50599101E-06
   11.0000000       6.87965985E-06
   11.2500000       1.89818165E-05
   11.5000000       3.66528366E-05
   11.7500000       6.19382699E-05
   12.0000000       9.67175220E-05
   12.2500000       1.42616525E-04
   12.5000000       2.01164177E-04
   12.7500000       2.73788086E-04
   13.0000000       3.61548970E-04
   13.2500000       4.64893004E-04
   13.5000000       5.83543093E-04
   13.7500000       7.16384035E-04
   14.0000000       8.61290202E-04
   14.2500000       1.01503776E-03
   14.5000000       1.17344223E-03
   14.7500000       1.33174367E-03
   15.0000000       1.48508453E-03
   15.2500000       1.62884523E-03
   15.5000000       1.75881735E-03
   15.7500000       1.87137420E-03
   16.0000000       1.96367758E-03
   16.2500000       2.03380594E-03
   16.5000000       2.08077137E-03
   16.7500000       2.10450543E-03
   17.0000000       2.10585911E-03
   17.2500000       2.08656094E-03
   17.5000000       2.04905123E-03
   17.7500000       1.99624407E-03
   18.0000000       1.93128362E-03
   18.2500000       1.85731461E-03
   18.5000000       1.77727779E-03
   18.7500000       1.69376668E-03
   19.0000000       1.60896941E-03
   19.2500000       1.52465398E-03
   19.5000000       1.44218677E-03
   19.7500000       1.36256521E-03
   20.0000000       1.28647115E-03
   20.2500000       1.21433975E-03
   20.5000000       1.14641176E-03
   20.7500000       1.08277483E-03
   21.0000000       1.02339138E-03
   21.2500000       9.68142587E-04
   21.5000000       9.16869438E-04
   21.7500000       8.69377691E-04
   22.0000000       8.25450639E-04
   22.2500000       7.84851960E-04
   22.5000000       7.47329905E-04
   22.7500000       7.12578883E-04
   23.0000000       6.80134050E-04
   23.2500000       6.49227411E-04
   23.5000000       6.18620601E-04
   23.7500000       5.86468028E-04
   24.0000000       5.50307799E-04
   24.2500000       5.07201592E-04
   24.5000000       4.53956047E-04
   24.7500000       3.87384061E-04
   25.0000000       3.04549088E-04
   25.2500000       2.02961630E-04
   25.5000000       8.07263568E-05
   25.7500000      -6.33577874E-05
   26.0000000      -2.29618308E-04
   26.2500000      -4.17248462E-04
   26.5000000      -6.24038163E-04
   26.7500000      -8.46229203E-04
   27.0000000      -1.07856968E-03
   27.2500000      -1.31462270E-03
   27.5000000      -1.54731306E-03
   27.7500000      -1.76948693E-03
   28.0000000      -1.97445136E-03
   28.2500000      -2.15638545E-03
   28.5000000      -2.31057242E-03
   28.7500000      -2.43354263E-03
   29.0000000      -2.52312492E-03
   29.2500000      -2.57848576E-03
   29.5000000      -2.60016415E-03
   29.7500000      -2.59001227E-03
   30.0000000      -2.55104410E-03
   30.2500000      -2.48717330E-03
   30.5000000      -2.40285299E-03
   30.7500000      -2.30270694E-03
   31.0000000      -2.19121482E-03
   31.2500000      -2.07245490E-03
   31.5000000      -1.94995548E-03
   31.7500000      -1.82663975E-03
   32.0000000      -1.70481578E-03
   32.2500000      -1.58622372E-03
   32.5000000      -1.47211098E-03
   32.7500000      -1.36331562E-03
   33.0000000      -1.26034371E-03
   33.2500000      -1.16343959E-03
   33.5000000      -1.07265043E-03
   33.7500000      -9.87885636E-04
   34.0000000      -9.08955815E-04
   34.2500000      -8.35600658E-04
   34.5000000      -7.67518824E-04
   34.7500000      -7.04390288E-04
   35.0000000      -6.45887689E-04
   35.2500000      -5.91686578E-04
   35.5000000      -5.41475310E-04
   35.7500000      -4.94945794E-04
   36.0000000      -4.51807166E-04
   36.2500000      -4.11799090E-04
   36.5000000      -3.74672469E-04
   36.7500000      -3.40189552E-04
   37.0000000      -3.08137212E-04
   37.2500000      -2.78326188E-04
   37.5000000      -2.50580983E-04
   37.7500000      -2.24734715E-04
   38.0000000      -2.00634662E-04
   38.2500000      -1.78136994E-04
   38.5000000      -1.57116068E-04
   38.7500000      -1.37461466E-04
   39.0000000      -1.19068842E-04
   39.2500000      -1.01844576E-04
   39.5000000      -8.57007253E-05
   39.7500000      -7.05507773E-05
   40.0000000      -5.63218018E-05
   40.2500000      -4.29539068E-05
   40.5000000      -3.03854540E-05
   40.7500000      -1.85608351E-05
   41.0000000      -7.42609973E-06
   41.2500000       3.06759057E-06
   41.5000000       1.29645196E-05
   41.7500000       2.23019542E-05
   42.0000000       3.11176118E-05
   42.2500000       3.94471135E-05
   42.5000000       4.73143955E-05
   42.7500000       5.47472628E-05
   43.0000000       6.17780242E-05
   43.2500000       6.84329862E-05
   43.5000000       7.47347949E-05
   43.7500000       8.06997123E-05
   44.0000000       8.63440146E-05
   44.2500000       9.16887147E-05
   44.5000000       9.67551750E-05
   44.7500000       1.01558799E-04
   45.0000000       1.06103420E-04
   45.2500000       1.10404835E-04
   45.5000000       1.14483373E-04
   45.7500000       1.18350355E-04
   46.0000000       1.22012592E-04
   46.2500000       1.25477774E-04
   46.5000000       1.28755782E-04
   46.7500000       1.31857174E-04
   47.0000000       1.34794347E-04
   47.2500000       1.37573676E-04
   47.5000000       1.40198579E-04
   47.7500000       1.42676508E-04
   48.0000000       1.45013924E-04
   48.2500000       1.47215091E-04
   48.5000000       1.49286963E-04
   48.7500000       1.51236090E-04
   49.0000000       1.53068206E-04
   49.2500000       1.54787718E-04
   49.5000000       1.56397538E-04
   49.7500000       1.57899660E-04
   50.0000000       1.59299860E-04
   50.2500000       1.60604264E-04
   50.5000000       1.61816424E-04
   50.7500000       1.62939323E-04
   51.0000000       1.63973848E-04
   51.2500000       1.64922909E-04
   51.5000000       1.65788588E-04
   51.7500000       1.66575861E-04
   52.0000000       1.67290098E-04
   52.2500000       1.67930644E-04
   52.5000000       1.68496495E-04
   52.7500000       1.68992032E-04
   53.0000000       1.69422186E-04
   53.2500000       1.69790073E-04
   53.5000000       1.70095125E-04
   53.7500000       1.70337269E-04
   54.0000000       1.70520012E-04
   54.2500000       1.70645173E-04
   54.5000000       1.70715415E-04
   54.7500000       1.70730535E-04
   55.0000000       1.70690590E-04
   55.2500000       1.70599960E-04
   55.5000000       1.70459563E-04
   55.7500000       1.70270185E-04
   56.0000000       1.70032697E-04
   56.2500000       1.69748440E-04
   56.5000000       1.69419582E-04
   56.7500000       1.69046107E-04
   57.0000000       1.68629311E-04
   57.2500000       1.68169558E-04
   57.5000000       1.67668608E-04
   57.7500000       1.67128688E-04
   58.0000000       1.66551094E-04
   58.2500000       1.65936231E-04
   58.5000000       1.65284844E-04
   58.7500000       1.64597717E-04
   59.0000000       1.63874633E-04
   59.2500000       1.63116158E-04
   59.5000000       1.62324301E-04
   59.7500000       1.61500866E-04
   60.0000000       1.60646290E-04
   60.2500000       1.59760762E-04
   60.5000000       1.58844196E-04
   60.7500000       1.57897244E-04
   61.0000000       1.56921960E-04
   61.2500000       1.55920075E-04
   61.5000000       1.54890658E-04
   61.7500000       1.53833913E-04
   62.0000000       1.52751847E-04
   62.2500000       1.51644650E-04
   62.5000000       1.50512977E-04
   62.7500000       1.49357482E-04
   63.0000000       1.48178675E-04
   63.2500000       1.46977021E-04
   63.5000000       1.45753656E-04
   63.7500000       1.44508769E-04
   64.0000000       1.43241734E-04
   64.2500000       1.41953191E-04
   64.5000000       1.40644552E-04
   64.7500000       1.39317533E-04
   65.0000000       1.37973126E-04
   65.2500000       1.36610877E-04
   65.5000000       1.35230541E-04
   65.7500000       1.33832174E-04
   66.0000000       1.32416608E-04
   66.2500000       1.30984947E-04
   66.5000000       1.29537191E-04
   66.7500000       1.28073938E-04
   67.0000000       1.26597559E-04
   67.2500000       1.25109291E-04
   67.5000000       1.23606980E-04
   67.7500000       1.22088299E-04
   68.0000000       1.20555233E-04
   68.2500000       1.19011886E-04
   68.5000000       1.17457988E-04
   68.7500000       1.15891569E-04
   69.0000000       1.14314134E-04
   69.2500000       1.12726717E-04
   69.5000000       1.11128393E-04
   69.7500000       1.09520210E-04
   70.0000000       1.07904372E-04
   70.2500000       1.06281128E-04
   70.5000000       1.04648811E-04
   70.7500000       1.03006845E-04
   71.0000000       1.01356243E-04
   71.2500000       9.96982344E-05
   71.5000000       9.80351469E-05
   71.7500000       9.63680432E-05
   72.0000000       9.46949003E-05
   72.2500000       9.30144306E-05
   72.5000000       9.13284093E-05
   72.7500000       8.96389247E-05
   73.0000000       8.79464351E-05
   73.2500000       8.62499583E-05
   73.5000000       8.45481845E-05
   73.7500000       8.28415286E-05
   74.0000000       8.11326317E-05
   74.2500000       7.94239459E-05
   74.5000000       7.77146342E-05
   74.7500000       7.60027469E-05
   75.0000000       7.42890188E-05
   75.2500000       7.25750433E-05
   75.5000000       7.08611842E-05
   75.7500000       6.91467940E-05
   76.0000000       6.74317998E-05
   76.2500000       6.57163910E-05
   76.5000000       6.40017242E-05
   76.7500000       6.22895022E-05
   77.0000000       6.05787500E-05
   77.2500000       5.88686889E-05
   77.5000000       5.71608980E-05
   77.7500000       5.54559956E-05
   78.0000000       5.37535016E-05
   78.2500000       5.20546055E-05
   78.5000000       5.03604460E-05
   78.7500000       4.86694844E-05
   79.0000000       4.69806837E-05
   79.2500000       4.52957029E-05
   79.5000000       4.36163464E-05
   79.7500000       4.19432545E-05
   80.0000000       4.02759979E-05
   80.2500000       3.86149331E-05
   80.5000000       3.69600493E-05
   80.7500000       3.53105279E-05
   81.0000000       3.36665253E-05
   81.2500000       3.20290274E-05
   81.5000000       3.04000987E-05
   81.7500000       2.87805378E-05
   82.0000000       2.71691861E-05
   82.2500000       2.55651448E-05
   82.5000000       2.39692017E-05
   82.7500000       2.23818788E-05
   83.0000000       2.08031888E-05
   83.2500000       1.92338121E-05
   83.5000000       1.76737904E-05
   83.7500000       1.61227472E-05
   84.0000000       1.45821996E-05
   84.2500000       1.30538765E-05
   84.5000000       1.15363746E-05
   84.7500000       1.00278239E-05
   85.0000000       8.52923404E-06
   85.2500000       7.04324702E-06
   85.5000000       5.57055000E-06
   85.7500000       4.10916527E-06
   86.0000000       2.65794120E-06
   86.2500000       1.21867640E-06
   86.5000000      -2.06993661E-07
   86.7500000      -1.61904859E-06
   87.0000000      -3.01674982E-06
   87.2500000      -4.40034410E-06
   87.5000000      -5.77168748E-06
   87.7500000      -7.13081636E-06
   88.0000000      -8.47579850E-06
   88.2500000      -9.80505502E-06
   88.5000000      -1.11191657E-05
   88.7500000      -1.24189191E-05
   89.0000000      -1.37039951E-05
   89.2500000      -1.49739662E-05
   89.5000000      -1.62284105E-05
   89.7500000      -1.74667657E-05
   90.0000000      -1.86882426E-05
   90.2500000      -1.98928574E-05
   90.5000000      -2.10808394E-05
   90.7500000      -2.22518192E-05
   91.0000000      -2.34055769E-05
   91.2500000      -2.45429364E-05
   91.5000000      -2.56640251E-05
   91.7500000      -2.67678479E-05
   92.0000000      -2.78536390E-05
   92.2500000      -2.89209547E-05
   92.5000000      -2.99694439E-05
   92.7500000      -3.09990064E-05
   93.0000000      -3.20099462E-05
   93.2500000      -3.30021649E-05
   93.5000000      -3.39763756E-05
   93.7500000      -3.49324728E-05
   94.0000000      -3.58692341E-05
   94.2500000      -3.67860048E-05
   94.5000000      -3.76828975E-05
   94.7500000      -3.85594540E-05
   95.0000000      -3.94154849E-05
   95.2500000      -4.02513106E-05
   95.5000000      -4.10662396E-05
   95.7500000      -4.18603122E-05
   96.0000000      -4.26341321E-05
   96.2500000      -4.33871137E-05
   96.5000000      -4.41176599E-05
   96.7500000      -4.48260325E-05
   97.0000000      -4.55133813E-05
   97.2500000      -4.61791533E-05
   97.5000000      -4.68220678E-05
   97.7500000      -4.74417538E-05
   98.0000000      -4.80395283E-05
   98.2500000      -4.86166609E-05
   98.5000000      -4.91714563E-05
   98.7500000      -4.97019828E-05
   99.0000000      -5.02083531E-05
   99.2500000      -5.06916185E-05
   99.5000000      -5.11522376E-05
   99.7500000      -5.15889442E-05
   100.000000      -5.20010726E-05
   100.250000      -5.23894632E-05
   100.500000      -5.27543016E-05
   100.750000      -5.30942561E-05
   101.000000      -5.34083374E-05
   101.250000      -5.36975422E-05
   101.500000      -5.39632601E-05
   101.750000      -5.42047055E-05
   102.000000      -5.44203176E-05
   102.250000      -5.46095798E-05
   102.500000      -5.47726486E-05
   102.750000      -5.49099059E-05
   103.000000      -5.50218247E-05
   103.250000      -5.51085432E-05
   103.500000      -5.51695848E-05
   103.750000      -5.52039892E-05
   104.000000      -5.52109050E-05
   104.250000      -5.51904523E-05
   104.500000      -5.51431767E-05
   104.750000      -5.50689729E-05
   105.000000      -5.49674005E-05
   105.250000      -5.48380885E-05
   105.500000      -5.46809351E-05
   105.750000      -5.44961658E-05
   106.000000      -5.42842026E-05
   106.250000      -5.40451656E-05
   106.500000      -5.37781634E-05
   106.750000      -5.34821920E-05
   107.000000      -5.31575715E-05
   107.250000      -5.28051023E-05
   107.500000      -5.24244861E-05
   107.750000      -5.20143549E-05
   108.000000      -5.15740649E-05
   108.250000      -5.11045619E-05
   108.500000      -5.06065007E-05
   108.750000      -5.00787392E-05
   109.000000      -4.95201821E-05
   109.250000      -4.89316444E-05
   109.500000      -4.83139556E-05
   109.750000      -4.76661698E-05
   110.000000      -4.69875595E-05
   110.250000      -4.62786847E-05
   110.500000      -4.55396803E-05
   110.750000      -4.47698112E-05
   111.000000      -4.39686737E-05
   111.250000      -4.31364788E-05
   111.500000      -4.22730664E-05
   111.750000      -4.13780144E-05
   112.000000      -4.04514940E-05
   112.250000      -3.94936178E-05
   112.500000      -3.85037783E-05
   112.750000      -3.74816482E-05
   113.000000      -3.64275547E-05
   113.250000      -3.53416472E-05
   113.500000      -3.42235071E-05
   113.750000      -3.30726289E-05
   114.000000      -3.18888997E-05
   114.250000      -3.06723741E-05
   114.500000      -2.94231104E-05
   114.750000      -2.81405974E-05
   115.000000      -2.68245094E-05
   115.250000      -2.54750139E-05
   115.500000      -2.40920217E-05
   115.750000      -2.26754164E-05
   116.000000      -2.12247469E-05
   116.250000      -1.97398513E-05
   116.500000      -1.82209060E-05
   116.750000      -1.66678674E-05
   117.000000      -1.50805081E-05
   117.250000      -1.34583834E-05
   117.500000      -1.18014450E-05
   117.750000      -1.01098158E-05
   118.000000      -8.38326650E-06
   118.250000      -6.62147204E-06
   118.500000      -4.82450241E-06
   118.750000      -2.99212684E-06
   119.000000      -1.12396731E-06
   119.250000       7.79914842E-07
   119.500000       2.71974955E-06
   119.750000       4.69576435E-06
   120.000000       6.70784129E-06
   120.250000       8.75581372E-06
   120.500000       1.08397680E-05
   120.750000       1.29611362E-05
   121.000000       1.51196209E-05
   121.250000       1.73126809E-05
   121.500000       1.95426946E-05
   121.750000       2.18155546E-05
   122.000000       2.41267553E-05
   122.250000       2.64635546E-05
   122.500000       2.88355004E-05
   122.750000       3.12710654E-05
   123.000000       3.37502097E-05
   123.250000       3.62102219E-05
   123.500000       3.86948559E-05
   123.750000       4.13439266E-05
   124.000000       4.40626427E-05
   124.250000       4.65411540E-05
   124.500000       4.89876402E-05
   124.750000       5.20898320E-05
   125.000000       5.53922655E-05
   125.250000       5.73698744E-05
   125.500000       5.90201234E-05
   125.750000       6.37255143E-05
   126.000000       6.93048423E-05
   126.250000       6.82587706E-05
   126.500000       6.53280731E-05
   126.750000       7.71011401E-05
   127.000000       9.40023892E-05
   127.250000       8.05775489E-05
   127.500000       3.87007894E-05
   127.750000       7.77180230E-06
