   0.00000000       1.42517171E-08
  0.250000000       1.98384029E-08
  0.500000000       2.54630397E-08
  0.750000000       3.11239816E-08
   1.00000000       3.68197597E-08
   1.25000000       4.25519069E-08
   1.50000000       4.83190625E-08
   1.75000000       5.41210881E-08
   2.00000000       5.99534147E-08
   2.25000000       6.58177584E-08
   2.50000000       7.17123001E-08
   2.75000000       7.76325138E-08
   3.00000000       8.35833021E-08
   3.25000000       8.95630734E-08
   3.50000000       9.55654684E-08
   3.75000000       1.01589215E-07
   4.00000000       1.07637213E-07
   4.25000000       1.13703443E-07
   4.50000000       1.19791054E-07
   4.75000000       1.25896563E-07
   5.00000000       1.32017476E-07
   5.25000000       1.38162008E-07
   5.50000000       1.44318122E-07
   5.75000000       1.50470910E-07
   6.00000000       1.56643381E-07
   6.25000000       1.62865817E-07
   6.50000000       1.69080664E-07
   6.75000000       1.75211241E-07
   7.00000000       1.81383754E-07
   7.25000000       1.87769771E-07
   7.50000000       1.94078325E-07
   7.75000000       1.99926802E-07
   8.00000000       2.05953256E-07
   8.25000000       2.12993825E-07
   8.50000000       2.19640953E-07
   8.75000000       2.24039923E-07
   9.00000000       2.29458379E-07
   9.25000000       2.40576526E-07
   9.50000000       2.50769347E-07
   9.75000000       2.52263590E-07
   10.0000000       2.82801636E-07
   10.2500000       4.53407438E-07
   10.5000000       8.98731230E-07
   10.7500000       1.68917165E-06
   11.0000000       2.79894425E-06
   11.2500000       4.15118620E-06
   11.5000000       5.67479537E-06
   11.7500000       7.31924501E-06
   12.0000000       9.04139506E-06
   12.2500000       1.08095228E-05
   12.5000000       1.26245814E-05
   12.7500000       1.44938158E-05
   13.0000000       1.63340483E-05
   13.2500000       1.79172712E-05
   13.5000000       1.89717866E-05
   13.7500000       1.93558790E-05
   14.0000000       1.91173967E-05
   14.2500000       1.84058281E-05
   14.5000000       1.73661338E-05
   14.7500000       1.61038461E-05
   15.0000000       1.46944585E-05
   15.2500000       1.31861025E-05
   15.5000000       1.15956436E-05
   15.7500000       9.93289359E-06
   16.0000000       8.25507232E-06
   16.2500000       6.68985422E-06
   16.5000000       5.37744063E-06
   16.7500000       4.38296956E-06
   17.0000000       3.67400526E-06
   17.2500000       3.17037893E-06
   17.5000000       2.79459732E-06
   17.7500000       2.48499737E-06
   18.0000000       2.19442973E-06
   18.2500000       1.89475588E-06
   18.5000000       1.57773468E-06
   18.7500000       1.24204371E-06
   19.0000000       8.75863918E-07
   19.2500000       4.58473181E-07
   19.5000000      -1.22452537E-08
   19.7500000      -5.05184403E-07
   20.0000000      -9.99481813E-07
   20.2500000      -1.55152622E-06
   20.5000000      -2.28857243E-06
   20.7500000      -3.31306160E-06
   21.0000000      -4.62650769E-06
   21.2500000      -6.15554882E-06
   21.5000000      -7.82771622E-06
   21.7500000      -9.60154011E-06
   22.0000000      -1.14401573E-05
   22.2500000      -1.32958303E-05
   22.5000000      -1.51462209E-05
   22.7500000      -1.70201347E-05
   23.0000000      -1.89230032E-05
   23.2500000      -2.07140129E-05
   23.5000000      -2.21128412E-05
   23.7500000      -2.28782774E-05
   24.0000000      -2.29636935E-05
   24.2500000      -2.24863652E-05
   24.5000000      -2.15923374E-05
   24.7500000      -2.03838918E-05
   25.0000000      -1.89366547E-05
   25.2500000      -1.73207245E-05
   25.5000000      -1.55811358E-05
   25.7500000      -1.37232628E-05
   26.0000000      -1.17580967E-05
   26.2500000      -9.77226773E-06
   26.5000000      -7.92279479E-06
   26.7500000      -6.33894933E-06
   27.0000000      -5.04178797E-06
   27.2500000      -3.96810492E-06
   27.5000000      -3.04745572E-06
   27.7500000      -2.23849406E-06
   28.0000000      -1.51552013E-06
   28.2500000      -8.55185078E-07
   28.5000000      -2.43952655E-07
   28.7500000       3.15150828E-07
   29.0000000       8.13661018E-07
   29.2500000       1.25288409E-06
   29.5000000       1.63973857E-06
   29.7500000       1.96646170E-06
   30.0000000       2.20413244E-06
   30.2500000       2.32396701E-06
   30.5000000       2.32201455E-06
   30.7500000       2.21879986E-06
   31.0000000       2.03900504E-06
   31.2500000       1.79893027E-06
   31.5000000       1.51541883E-06
   31.7500000       1.21983567E-06
   32.0000000       9.50861477E-07
   32.2500000       7.26510962E-07
   32.5000000       5.28541364E-07
   32.7500000       3.22549425E-07
   33.0000000       9.10626738E-08
   33.2500000      -1.58689474E-07
   33.5000000      -4.13272204E-07
   33.7500000      -6.67333609E-07
   34.0000000      -9.19620163E-07
   34.2500000      -1.16700687E-06
   34.5000000      -1.41270095E-06
   34.7500000      -1.67869268E-06
   35.0000000      -1.99690407E-06
   35.2500000      -2.37422614E-06
   35.5000000      -2.76567152E-06
   35.7500000      -3.09250481E-06
   36.0000000      -3.29168461E-06
   36.2500000      -3.34594074E-06
   36.5000000      -3.27345947E-06
   36.7500000      -3.10330506E-06
   37.0000000      -2.86271802E-06
   37.2500000      -2.57391048E-06
   37.5000000      -2.25012286E-06
   37.7500000      -1.89278205E-06
   38.0000000      -1.49740049E-06
   38.2500000      -1.06783818E-06
   38.5000000      -6.26722056E-07
   38.7500000      -2.09008107E-07
   39.0000000       1.57308889E-07
   39.2500000       4.63709483E-07
   39.5000000       7.17268222E-07
   39.7500000       9.30527392E-07
   40.0000000       1.11636143E-06
   40.2500000       1.28708018E-06
   40.5000000       1.45214847E-06
   40.7500000       1.61270657E-06
   41.0000000       1.75751939E-06
   41.2500000       1.86786235E-06
   41.5000000       1.92997982E-06
   41.7500000       1.94167887E-06
   42.0000000       1.90623075E-06
   42.2500000       1.82822521E-06
   42.5000000       1.72355692E-06
   42.7500000       1.62721426E-06
   43.0000000       1.57777549E-06
   43.2500000       1.59112085E-06
   43.5000000       1.65679910E-06
   43.7500000       1.76309698E-06
   44.0000000       1.91937966E-06
   44.2500000       2.14807915E-06
   44.5000000       2.45878232E-06
   44.7500000       2.84009457E-06
   45.0000000       3.27635576E-06
   45.2500000       3.75504283E-06
   45.5000000       4.24490963E-06
   45.7500000       4.67984955E-06
   46.0000000       4.98694817E-06
   46.2500000       5.13310306E-06
   46.5000000       5.13353552E-06
   46.7500000       5.01759041E-06
   47.0000000       4.79978780E-06
   47.2500000       4.48484070E-06
   47.5000000       4.08593314E-06
   47.7500000       3.62629044E-06
   48.0000000       3.12610996E-06
   48.2500000       2.59975695E-06
   48.5000000       2.07049106E-06
   48.7500000       1.57806653E-06
   49.0000000       1.16009619E-06
   49.2500000       8.27916949E-07
   49.5000000       5.68965106E-07
   49.7500000       3.69871401E-07
   50.0000000       2.27881344E-07
   50.2500000       1.41371444E-07
   50.5000000       1.00287878E-07
   50.7500000       9.04767177E-08
   51.0000000       1.02060710E-07
   51.2500000       1.28537351E-07
   51.5000000       1.59826143E-07
   51.7500000       1.82890830E-07
   52.0000000       1.92644421E-07
   52.2500000       1.98402319E-07
   52.5000000       2.14360554E-07
   52.7500000       2.44623976E-07
   53.0000000       2.81285196E-07
   53.2500000       3.15617939E-07
   53.5000000       3.46095050E-07
   53.7500000       3.74844490E-07
   54.0000000       4.00850411E-07
   54.2500000       4.20702463E-07
   54.5000000       4.35874824E-07
   54.7500000       4.55715679E-07
   55.0000000       4.90318428E-07
   55.2500000       5.41361487E-07
   55.5000000       6.02381647E-07
   55.7500000       6.66961853E-07
   56.0000000       7.33235197E-07
   56.2500000       8.00430769E-07
   56.5000000       8.64958793E-07
   56.7500000       9.22633319E-07
   57.0000000       9.73714805E-07
   57.2500000       1.02288516E-06
   57.5000000       1.07223309E-06
   57.7500000       1.11476834E-06
   58.0000000       1.13703072E-06
   58.2500000       1.12877501E-06
   58.5000000       1.08874781E-06
   58.7500000       1.02132105E-06
   59.0000000       9.31200759E-07
   59.2500000       8.24497192E-07
   59.5000000       7.13338181E-07
   59.7500000       6.14974283E-07
   60.0000000       5.43991121E-07
   60.2500000       5.06392325E-07
   60.5000000       5.02145610E-07
   60.7500000       5.31551279E-07
   61.0000000       5.96568498E-07
   61.2500000       6.96439827E-07
   61.5000000       8.25323923E-07
   61.7500000       9.76265142E-07
   62.0000000       1.14542161E-06
   62.2500000       1.32800835E-06
   62.5000000       1.50871722E-06
   62.7500000       1.66036091E-06
   63.0000000       1.75714990E-06
   63.2500000       1.79032054E-06
   63.5000000       1.76977903E-06
   63.7500000       1.71229647E-06
   64.0000000       1.63087407E-06
   64.2500000       1.53381438E-06
   64.5000000       1.42767578E-06
   64.7500000       1.31588956E-06
   65.0000000       1.19566755E-06
   65.2500000       1.06206471E-06
   65.5000000       9.18408716E-07
   65.7500000       7.79774837E-07
   66.0000000       6.61684396E-07
   66.2500000       5.65266362E-07
   66.5000000       4.76015259E-07
   66.7500000       3.76844156E-07
   67.0000000       2.59663040E-07
   67.2500000       1.24965865E-07
   67.5000000      -2.38433291E-08
   67.7500000      -1.80516821E-07
   68.0000000      -3.32503618E-07
   68.2500000      -4.63995235E-07
   68.5000000      -5.65459288E-07
   68.7500000      -6.38131951E-07
   69.0000000      -6.87612783E-07
   69.2500000      -7.15097713E-07
   69.5000000      -7.16750264E-07
   69.7500000      -6.90124295E-07
   70.0000000      -6.38310325E-07
   70.2500000      -5.67623431E-07
   70.5000000      -4.84379427E-07
   70.7500000      -3.96280996E-07
   71.0000000      -3.14805703E-07
   71.2500000      -2.51850935E-07
   71.5000000      -2.12874625E-07
   71.7500000      -1.95403743E-07
   72.0000000      -1.94718538E-07
   72.2500000      -2.08889759E-07
   72.5000000      -2.37539012E-07
   72.7500000      -2.77993706E-07
   73.0000000      -3.25081629E-07
   73.2500000      -3.74827607E-07
   73.5000000      -4.26494779E-07
   73.7500000      -4.79620667E-07
   74.0000000      -5.30542877E-07
   74.2500000      -5.74250919E-07
   74.5000000      -6.09137771E-07
   74.7500000      -6.37322103E-07
   75.0000000      -6.60176795E-07
   75.2500000      -6.75946410E-07
   75.5000000      -6.82600785E-07
   75.7500000      -6.81517861E-07
   76.0000000      -6.76810942E-07
   76.2500000      -6.70703230E-07
   76.5000000      -6.60608066E-07
   76.7500000      -6.42139639E-07
   77.0000000      -6.14474800E-07
   77.2500000      -5.81110328E-07
   77.5000000      -5.45996386E-07
   77.7500000      -5.11420581E-07
   78.0000000      -4.79698770E-07
   78.2500000      -4.54151660E-07
   78.5000000      -4.36899313E-07
   78.7500000      -4.26615912E-07
   79.0000000      -4.19629401E-07
   79.2500000      -4.13507053E-07
   79.5000000      -4.09068775E-07
   79.7500000      -4.08220558E-07
   80.0000000      -4.10126404E-07
   80.2500000      -4.10573364E-07
   80.5000000      -4.04931455E-07
   80.7500000      -3.90365244E-07
   81.0000000      -3.65348797E-07
   81.2500000      -3.29142523E-07
   81.5000000      -2.82729786E-07
   81.7500000      -2.29072498E-07
   82.0000000      -1.71432163E-07
   82.2500000      -1.11700643E-07
   82.5000000      -5.07469302E-08
   82.7500000       9.68020153E-09
   83.0000000       6.56090791E-08
   83.2500000       1.11741599E-07
   83.5000000       1.44031716E-07
   83.7500000       1.61337354E-07
   84.0000000       1.64658303E-07
   84.2500000       1.55483903E-07
   84.5000000       1.35184621E-07
   84.7500000       1.05226448E-07
   85.0000000       6.71912872E-08
   85.2500000       2.25711414E-08
   85.5000000      -2.73296799E-08
   85.7500000      -8.12862524E-08
   86.0000000      -1.37767955E-07
   86.2500000      -1.94688141E-07
   86.5000000      -2.50108656E-07
   86.7500000      -3.03341210E-07
   87.0000000      -3.54433695E-07
   87.2500000      -4.01935978E-07
   87.5000000      -4.42005671E-07
   87.7500000      -4.70764036E-07
   88.0000000      -4.87295893E-07
   88.2500000      -4.93662753E-07
   88.5000000      -4.92235642E-07
   88.7500000      -4.83726126E-07
   89.0000000      -4.67774413E-07
   89.2500000      -4.44514598E-07
   89.5000000      -4.14822978E-07
   89.7500000      -3.79597225E-07
   90.0000000      -3.40283663E-07
   90.2500000      -3.00722490E-07
   90.5000000      -2.67253171E-07
   90.7500000      -2.45544697E-07
   91.0000000      -2.37284851E-07
   91.2500000      -2.40400510E-07
   91.5000000      -2.51905789E-07
   91.7500000      -2.69744788E-07
   92.0000000      -2.92401211E-07
   92.2500000      -3.18130816E-07
   92.5000000      -3.45332069E-07
   92.7500000      -3.73155018E-07
   93.0000000      -4.00629403E-07
   93.2500000      -4.24799339E-07
   93.5000000      -4.40696056E-07
   93.7500000      -4.44275202E-07
   94.0000000      -4.35112042E-07
   94.2500000      -4.15345738E-07
   94.5000000      -3.86379384E-07
   94.7500000      -3.47815188E-07
   95.0000000      -2.99591164E-07
   95.2500000      -2.43789458E-07
   95.5000000      -1.83507424E-07
   95.7500000      -1.20561850E-07
   96.0000000      -5.53365460E-08
   96.2500000       1.11553815E-08
   96.5000000       7.63857884E-08
   96.7500000       1.38399258E-07
   97.0000000       1.97760542E-07
   97.2500000       2.55619028E-07
   97.5000000       3.09848474E-07
   97.7500000       3.54889266E-07
   98.0000000       3.86245290E-07
   98.2500000       4.04097420E-07
   98.5000000       4.11723363E-07
   98.7500000       4.11289250E-07
   99.0000000       4.02316005E-07
   99.2500000       3.83714678E-07
   99.5000000       3.55642328E-07
   99.7500000       3.18803615E-07
   100.000000       2.73320552E-07
   100.250000       2.19845418E-07
   100.500000       1.61551796E-07
   100.750000       1.03520819E-07
   101.000000       4.94223613E-08
   101.250000      -5.90861915E-10
   101.500000      -4.81427200E-08
   101.750000      -9.33237416E-08
   102.000000      -1.33893863E-07
   102.250000      -1.67490455E-07
   102.500000      -1.93564389E-07
   102.750000      -2.12949729E-07
   103.000000      -2.26678253E-07
   103.250000      -2.36021933E-07
   103.500000      -2.42931833E-07
   103.750000      -2.49221671E-07
   104.000000      -2.55171642E-07
   104.250000      -2.59587722E-07
   104.500000      -2.61568971E-07
   104.750000      -2.61953971E-07
   105.000000      -2.62727156E-07
   105.250000      -2.65150419E-07
   105.500000      -2.68872668E-07
   105.750000      -2.72799326E-07
   106.000000      -2.76164371E-07
   106.250000      -2.78392974E-07
   106.500000      -2.78476648E-07
   106.750000      -2.75218383E-07
   107.000000      -2.68084733E-07
   107.250000      -2.57383533E-07
   107.500000      -2.43537784E-07
   107.750000      -2.26485795E-07
   108.000000      -2.05881690E-07
   108.250000      -1.81663182E-07
   108.500000      -1.54234300E-07
   108.750000      -1.24109860E-07
   109.000000      -9.15827272E-08
   109.250000      -5.70073588E-08
   109.500000      -2.15045741E-08
   109.750000       1.28412987E-08
   110.000000       4.37723884E-08
   110.250000       6.99003095E-08
   110.500000       9.09662603E-08
   110.750000       1.07252141E-07
   111.000000       1.18898463E-07
   111.250000       1.25710542E-07
   111.500000       1.27425977E-07
   111.750000       1.24048839E-07
   112.000000       1.15964809E-07
   112.250000       1.03978294E-07
   112.500000       8.94843808E-08
   112.750000       7.44876232E-08
   113.000000       6.10623800E-08
   113.250000       5.05745312E-08
   113.500000       4.34019043E-08
   113.750000       3.92976105E-08
   114.000000       3.79070215E-08
   114.250000       3.90256574E-08
   114.500000       4.25362536E-08
   114.750000       4.82341207E-08
   115.000000       5.58371411E-08
   115.250000       6.51074572E-08
   115.500000       7.56491616E-08
   115.750000       8.64885550E-08
   116.000000       9.62180451E-08
   116.250000       1.03825556E-07
   116.500000       1.09180817E-07
   116.750000       1.12460427E-07
   117.000000       1.13261628E-07
   117.250000       1.10631021E-07
   117.500000       1.03999476E-07
   117.750000       9.37521989E-08
   118.000000       8.06327733E-08
   118.250000       6.48589236E-08
   118.500000       4.63333159E-08
   118.750000       2.56645212E-08
   119.000000       4.29085745E-09
   119.250000      -1.67002217E-08
   119.500000      -3.72262932E-08
   119.750000      -5.70595056E-08
   120.000000      -7.44154107E-08
   120.250000      -8.65109371E-08
   120.500000      -9.16053722E-08
   120.750000      -8.99809862E-08
   121.000000      -8.29080093E-08
   121.250000      -7.13014003E-08
   121.500000      -5.57231026E-08
   121.750000      -3.71606497E-08
   122.000000      -1.70290022E-08
   122.250000       3.73502695E-09
   122.500000       2.50617003E-08
   122.750000       4.68189896E-08
   123.000000       6.77896779E-08
   123.250000       8.62519229E-08
   123.500000       1.01616564E-07
   123.750000       1.14614629E-07
   124.000000       1.25531230E-07
   124.250000       1.33759343E-07
   124.500000       1.40257384E-07
   124.750000       1.47829098E-07
   125.000000       1.56165328E-07
   125.250000       1.61333645E-07
   125.500000       1.65779014E-07
   125.750000       1.78652414E-07
   126.000000       1.94131985E-07
   126.250000       1.91655374E-07
   126.500000       1.84039237E-07
   126.750000       2.16584525E-07
   127.000000       2.62536958E-07
   127.250000       2.24219406E-07
   127.500000       1.07482968E-07
   127.750000       2.15615561E-08
