3.145157023709543864e-08
-4.137713460750092054e-08
-7.437419924372079549e-08
-7.888827013857735437e-08
-8.303543097554211272e-08
-1.156681008751547779e-07
-1.891748411253502127e-07
-2.865410522190359188e-07
-3.632485459093004465e-07
-3.769350200855114963e-07
-3.173639413489581784e-07
-1.972744740896814619e-07
-2.781351859937331028e-08
1.779930869361123769e-07
3.877898109294619644e-07
5.588712497228698339e-07
6.696648142678895965e-07
7.311110721275326796e-07
7.646805784133903217e-07
7.773494417051551864e-07
7.571392188765457831e-07
6.865838031444582157e-07
5.630434998238342814e-07
4.067493648562958697e-07
2.413454183169960743e-07
6.913341366043823655e-08
-1.218305953898379812e-07
-3.263055248226010008e-07
-5.074767273072211538e-07
-6.181061849019897636e-07
-6.332020348054356873e-07
-5.601503971774945967e-07
-4.251861014381574932e-07
-2.581316778105247067e-07
-8.829424302803090541e-08
5.558617033329937840e-08
1.519935608484956902e-07
1.936176659000921063e-07
1.819830544036449282e-07
1.265149620621741633e-07
7.763433274021735997e-08
1.167037169125251239e-07
1.406898633149467059e-07
-3.793073517499578884e-07
-2.034372755588265136e-06
-4.549312507151626050e-06
-6.625973128393525258e-06
-7.281354100996395573e-06
-6.998291155468905345e-06
-6.940977982594631612e-06
-7.392894985969178379e-06
-7.609877684444654733e-06
-7.051181910355808213e-06
-6.125944764789892361e-06
-5.555876668950077146e-06
-5.435245839180424809e-06
-5.225867880653822795e-06
-4.486013040150282905e-06
-3.388911636648117565e-06
-2.531768132030265406e-06
-2.284490619786083698e-06
-2.364312194913509302e-06
-2.150303998860181309e-06
-1.470195684305508621e-06
-7.702690254518529400e-07
-3.904021070866292575e-07
-1.274051868449532776e-07
2.958919367301859893e-07
7.282557135113165714e-07
8.353973726116237231e-07
6.115768087511241902e-07
3.684177158902457450e-07
3.337446798923338065e-07
4.384375245081173489e-07
4.337630059580988018e-07
1.957604496283238404e-07
-1.259138997511399793e-07
-3.338818999054637970e-07
-4.496925498642667662e-07
-6.317029601632384583e-07
-8.694030384504003450e-07
-9.291693459090311080e-07
-6.412459470084286295e-07
-1.103326425777595432e-07
4.144451111187663628e-07
7.442851028827135451e-07
7.882316594987059943e-07
5.604050556939910166e-07
1.806270546467203530e-07
-2.579079136921791360e-07
-7.810015745235432405e-07
-1.352840513391129207e-06
-1.753755441313842312e-06
-1.874515646704821847e-06
-1.954304480022983626e-06
-2.245440555270761251e-06
-2.578382918727584183e-06
-2.518699830034165643e-06
-1.940593392646405846e-06
-1.231054397976549808e-06
-8.058925118348270189e-07
-6.380654440363286994e-07
-4.610225801116030198e-07
-1.989733391383197159e-07
1.063752534946615924e-07
6.212922585291380528e-07
1.566515607009932864e-06
2.780945806080126204e-06
3.815307536569889635e-06
4.549344339466188103e-06
5.442896053864387795e-06
6.945104814803926274e-06
8.838273970468435436e-06
1.048431659000925720e-05
1.153773428086424246e-05
1.204011186928255484e-05
1.202399289468303323e-05
1.149976287706522271e-05
1.071899168891832232e-05
9.937322829500772059e-06
8.969839655037503690e-06
7.492176337109412998e-06
5.734932528866920620e-06
4.351050392870092764e-06
3.551514055288862437e-06
2.926261231550597586e-06
2.273650352435652167e-06
1.945810936376801692e-06
2.071070184683776461e-06
2.153189598175231367e-06
1.819079102460818831e-06
1.326824985881103203e-06
1.004433897833223455e-06
6.999695187914767303e-07
1.306466970163455699e-07
-5.600632562163809780e-07
-9.763131174622685649e-07
-1.066844674824096728e-06
-1.142682890531432349e-06
-1.317424676017253660e-06
-1.338602828582224902e-06
-1.028635892907914240e-06
-5.813226380269043148e-07
-2.880677243410900701e-07
-1.733673542503311182e-07
-7.780334954077261500e-08
2.042717106576219521e-08
-1.211152245161883911e-08
-1.876504001074863481e-07
-3.509551618208206492e-07
-4.383187217626982601e-07
-5.706796173399197869e-07
-8.505487585352966562e-07
-1.184173697765800171e-06
-1.367084792036621366e-06
-1.335021238446643110e-06
-1.228175051437574439e-06
-1.199731173073814716e-06
-1.269236236112192273e-06
-1.346548174296913203e-06
-1.359491761832032353e-06
-1.390892180097580422e-06
-1.617519274077494629e-06
-2.023994738920009695e-06
-2.320676685485523194e-06
-2.295335661983699538e-06
-2.071260723823797889e-06
-1.870734422482200898e-06
-1.702109329926315695e-06
-1.392572357872268185e-06
-8.344986781594343483e-07
-1.023394062826810114e-07
6.642000016654492356e-07
1.388196551488363184e-06
2.043724634859245270e-06
2.611505124150426127e-06
3.083436013184837066e-06
3.454696070548379794e-06
3.668617409857688472e-06
3.621683390520047396e-06
3.305429117972380482e-06
2.867629746106103994e-06
2.437044940961641259e-06
1.993455498450202867e-06
1.479244360780285206e-06
8.802391562312550377e-07
1.579014252683919040e-07
-6.918618851159408223e-07
-1.513357005933357868e-06
-2.134169108103378676e-06
-2.610747060316498391e-06
-3.211503781130886637e-06
-4.136915322305867448e-06
-5.214610155235277489e-06
-5.955301730864448473e-06
-6.051121090422384441e-06
-5.693510502169374377e-06
-5.256211352389072999e-06
-4.841852842218941078e-06
-4.292875473765889183e-06
-3.486962441456853412e-06
-2.461673375364625826e-06
-1.344137331216188613e-06
-2.991687892972549889e-07
5.101013016428623814e-07
1.039012659020954743e-06
1.421319666405906901e-06
1.778337036739685573e-06
1.975061422854196280e-06
1.748402382872882299e-06
1.091956733034749050e-06
3.323119699416565709e-07
-2.317190990197559586e-07
-6.462959731834416743e-07
-1.159392013505566865e-06
-1.802549263629771303e-06
-2.280997478010249324e-06
-2.364622559980489314e-06
-2.190605982832494192e-06
-1.990962573472643271e-06
-1.731964516693551559e-06
-1.286354176954773720e-06
-7.839531122044718359e-07
-5.293194931255129632e-07
-6.525555136249749921e-07
-9.816670853979303502e-07
-1.234156115970108658e-06
-1.279798425457556732e-06
-1.223021058649464976e-06
-1.256005248251312878e-06
-1.435978447261732072e-06
-1.612214418855728582e-06
-1.581844117026776075e-06
-1.292166416533291340e-06
-8.846585046740074176e-07
-5.827342306474747602e-07
-5.123846449350821786e-07
-5.835216256855346728e-07
-5.940493679190694820e-07
-4.765678340845624916e-07
-3.573822766611556290e-07
-3.754161070901318453e-07
-5.583658548857783899e-07
-8.193766802833124530e-07
-9.506767355560441501e-07
-7.357587605838489253e-07
-1.928394510741782142e-07
4.004347999853052897e-07
8.088034064712701365e-07
1.052226821229851339e-06
1.251744834007695317e-06
1.420477360625227448e-06
1.508614218437287491e-06
1.514833797955361661e-06
1.447844056201574858e-06
1.286657266064139549e-06
1.070586904461379163e-06
9.190613354803645052e-07
8.752249982535431627e-07
8.172254979399440344e-07
6.461923476308584213e-07
5.297290499584050849e-07
7.706445899202662986e-07
1.413040649822505657e-06
2.128208961948985234e-06
2.503915084162144922e-06
2.363256953685777262e-06
1.824365654101711698e-06
1.191120190924266353e-06
7.811105433574994095e-07
6.747349061697605066e-07
6.282301114879373927e-07
3.665009558062592987e-07
-7.678046642922708998e-08
-4.229569015024026157e-07
-5.066465860181779135e-07
-4.182026600574317854e-07
-2.974792039367457619e-07
-1.624727730131780845e-07
6.843021704838747610e-10
9.362651098854257725e-08
-1.746363587074029056e-08
-3.044759750991943292e-07
-6.006958415127883200e-07
-8.020600716918124817e-07
-8.979055223790055607e-07
-8.289130732919147704e-07
-4.911594260192941874e-07
6.765723981061455561e-08
5.974112582407542504e-07
8.761522849454195239e-07
9.117947570302931126e-07
8.757822342886356637e-07
8.961683306552004069e-07
9.514348562333907466e-07
9.610099596102372743e-07
9.350209779768192675e-07
9.599144732419517823e-07
1.022860715238493867e-06
9.398335691912507173e-07
5.543721499634557404e-07
-2.542823196449717216e-08
-4.960338060300273355e-07
-6.601832183150690980e-07
-6.028608936503587756e-07
-5.824667255183157977e-07
-7.567863917756767478e-07
-1.014970052892749663e-06
-1.109184040615218692e-06
-9.261128752768854611e-07
-5.765589889961120207e-07
-2.424114882160210982e-07
-8.146447072476803442e-09
1.216937022263664403e-07
1.129848570258218388e-07
-9.156996583215004648e-08
-4.844069962928188033e-07
-9.730800911711412482e-07
-1.412488018104340881e-06
-1.638286789784615394e-06
-1.553397737552586477e-06
-1.206897195515921339e-06
-7.264882242452586070e-07
-2.100042735264651128e-07
2.638912519614677876e-07
5.969034191366517916e-07
6.942290156075614505e-07
5.189653506931790616e-07
1.685814510210548178e-07
-1.400014610908328905e-07
-2.570168931015359703e-07
-2.222847541588635067e-07
-1.345805742403172189e-07
1.868187027298517933e-08
3.173068705564219272e-07
7.537977921856509056e-07
1.209879314956197049e-06
1.573118083797453437e-06
1.789696398191154003e-06
1.785810127330478281e-06
1.484933818574063480e-06
9.606394542061025277e-07
4.122735504097363446e-07
-5.200978137054335093e-08
-4.857096769228519406e-07
-9.759429531186469831e-07
-1.541236770208342932e-06
-2.119782266163383611e-06
-2.592697228465112858e-06
-2.856284709196188487e-06
-2.911011051764944568e-06
-2.845355993486009538e-06
-2.723978468566201627e-06
-2.531832706154091284e-06
-2.228519406344275922e-06
-1.815496716517372988e-06
-1.323668243458087090e-06
-7.780698751957970671e-07
-2.359411865882066195e-07
1.884802998119994299e-07
4.221893163958156947e-07
5.436399987956974655e-07
7.267722708093060646e-07
1.044452346832258627e-06
1.378195293000317179e-06
1.576628960719972383e-06
1.646105602048919536e-06
1.714431732580123935e-06
1.861308192019350827e-06
2.053191565209999681e-06
2.208112164225894958e-06
2.260535893583437428e-06
2.174470409954665229e-06
1.959417886610026471e-06
1.685367237769241910e-06
1.430856286788184661e-06
1.198706399918592069e-06
9.088312253879848868e-07
4.854057351622032002e-07
-5.734115759992164385e-08
-6.143936843727715313e-07
-1.066664367499470245e-06
-1.363355181638326030e-06
-1.532476971988216974e-06
-1.626314656277827453e-06
-1.685017423369572498e-06
-1.734126499286503531e-06
-1.767863523127743974e-06
-1.736365675242268480e-06
-1.593738033989211544e-06
-1.355037738903774880e-06
-1.076297508006973658e-06
-8.185790534298575949e-07
-6.443939923883590382e-07
-5.760755925621197093e-07
-5.571118322222901043e-07
-5.137592893333930988e-07
-4.268786426564474823e-07
-3.155546437483280897e-07
-2.178253879492331180e-07
-2.054863870171175222e-07
-3.300382616089336807e-07
-5.230776878306642175e-07
-6.178494800224143546e-07
-5.020850721848546527e-07
-2.299360488677848480e-07
3.184033658953921986e-08
1.677262702060033916e-07
2.120736581900928286e-07
2.940150807262398303e-07
5.127645295033289585e-07
8.616159448138205335e-07
1.238540335180005059e-06
1.531497900941758417e-06
1.715370899546542205e-06
1.851443357736570761e-06
1.978816726477816701e-06
2.050147941190516576e-06
1.989873908314621076e-06
1.755725406837882474e-06
1.335294086857174989e-06
7.579996577078418341e-07
1.259846982293311157e-07
-4.174289074398984667e-07
-7.574084293082705699e-07
-8.629967851447872818e-07
-8.033013614294759464e-07
-6.736955242558906320e-07
-4.872387648902076762e-07
-1.920897858553871629e-07
2.076766776326621766e-07
6.239342269509506878e-07
9.748993079483625479e-07
1.236443722518743016e-06
1.401134340994758531e-06
1.453370487070060335e-06
1.408899947819008958e-06
1.314271685259882361e-06
1.183150288852630183e-06
1.002606381916848477e-06
7.974439881763828453e-07
6.059182169337873347e-07
4.012446197521057911e-07
1.218984095885389252e-07
-2.115835542326749419e-07
-4.928171506435319316e-07
-6.670833272437448613e-07
-8.002697882147913333e-07
-9.763127764017554000e-07
-1.181886887025029864e-06
-1.336465970780409407e-06
-1.389076714986003935e-06
-1.338054858024406713e-06
-1.206264755637675989e-06
-1.043677571033185814e-06
-9.008995220938231796e-07
-7.546821620962873567e-07
-5.092544483886740636e-07
-1.159197253741695022e-07
3.406834423458349193e-07
7.168101205934362952e-07
9.553114068694412708e-07
1.113361236093624029e-06
1.245974999619647861e-06
1.312028416577959433e-06
1.229009171765937936e-06
9.974295380743569694e-07
7.101112373675277922e-07
4.294947757443878800e-07
1.295306191195777501e-07
-2.084718460082513047e-07
-5.105824811835191213e-07
-6.711821356475411449e-07
-6.634153351114946418e-07
-5.542198664443276357e-07
-4.337270524956693407e-07
-3.475560390597820515e-07
-2.809674981563148322e-07
-2.038684101535181981e-07
-1.307656418703118106e-07
-1.163995761999103706e-07
-1.864523682115759584e-07
-3.048796486382343573e-07
-4.246913931638118811e-07
-5.343217139852640685e-07
-6.421982448046037462e-07
-7.469022875739028677e-07
-8.208574513446365017e-07
-8.089944572020613123e-07
-6.701563961541978642e-07
-4.477348056752816774e-07
-2.626063917432475137e-07
-1.876962869573617354e-07
-1.605446442454194766e-07
-6.215803693976340583e-08
1.493508534622378647e-07
4.216208537854981842e-07
6.796885827498044819e-07
8.688239745424652938e-07
9.729089924803702161e-07
1.025731990011991002e-06
1.071947963282582350e-06
1.111598407987912651e-06
1.109242020902456716e-06
1.047459591063670814e-06
9.408796586285461672e-07
8.044617629821004812e-07
6.388483484442986082e-07
4.555159591745905345e-07
3.006640554303885438e-07
2.284231186422402970e-07
2.426522200948966201e-07
2.921292434621136636e-07
3.255343585806258488e-07
3.164346935591311194e-07
2.473768461186409695e-07
1.255226038665568922e-07
4.709006073966293116e-09
-7.122144296545229736e-08
-1.386598285080253845e-07
-2.637872285049525090e-07
-4.264140329723886680e-07
-5.173961312721075956e-07
-4.721733830592711456e-07
-3.631704430517856963e-07
-3.208073451332893455e-07
-3.957887884098454379e-07
-5.320555374055402353e-07
-6.314940605989249889e-07
-6.212998187038465403e-07
-4.973090312887507025e-07
-3.246573783144413028e-07
-1.811992262901185313e-07
-8.551972996428958140e-08
1.452366404919303022e-08
1.758979948363048607e-07
3.943876265566359507e-07
6.097891400713706389e-07
7.639244472557038534e-07
8.534368021173577290e-07
9.247429488823399879e-07
1.000787619886978064e-06
1.023875483951997012e-06
9.123185691350954585e-07
6.789524604755570181e-07
4.355672160727408482e-07
2.568641548350569792e-07
1.083492335851587995e-07
-5.645005529686386581e-08
-1.979153125830634963e-07
-2.327422947701052180e-07
-1.288669722043778165e-07
6.663307772214466240e-08
2.672864525266049895e-07
4.048052062444185140e-07
4.687447017204249278e-07
5.019870741307386197e-07
5.513566634363087360e-07
6.229831797099905089e-07
6.843229130026884377e-07
6.877720579723245464e-07
5.901302415622922126e-07
3.910002419615921099e-07
1.668404934207501356e-07
2.938000598362577875e-08
3.212320720535899454e-08
1.334348525006134878e-07
2.533972178753174376e-07
3.424327417178574251e-07
3.820955782884993823e-07
3.568087834082689369e-07
2.730940593664854532e-07
1.776746927362182760e-07
1.018126170038158307e-07
1.797100779299398710e-08
-1.097905197866566596e-07
-2.682403419385082088e-07
-4.172808019120566314e-07
-5.391201511883991770e-07
-6.400207439583027735e-07
-7.295304271792701911e-07
-8.195551117751165293e-07
-9.258912427867471706e-07
-1.058290877153922338e-06
-1.210609298141207546e-06
-1.352093249806785025e-06
-1.426366225132369436e-06
-1.375595957142650150e-06
-1.186188228530227207e-06
-9.082970109375310130e-07
-6.084930532779253554e-07
-3.152646854687191080e-07
-4.050123791898840864e-08
1.739381332299672067e-07
2.845995936695544515e-07
3.180192038598761428e-07
3.628760225637961412e-07
4.781736038239614572e-07
6.510513799184991512e-07
8.379359996979474090e-07
9.909326763590797782e-07
1.052834704751148820e-06
9.887882015391369350e-07
8.308227847919624764e-07
6.570253390236757696e-07
5.281921175992465578e-07
4.535421282980678370e-07
3.984732757089659572e-07
3.247444624321360607e-07
2.424459921712696087e-07
2.153703491103442502e-07
3.002737116730713751e-07
4.876375214735162444e-07
7.109682655936921947e-07
9.005084393720608205e-07
1.018353373183344956e-06
1.062653723238327075e-06
1.057407075677474495e-06
1.034948923006595578e-06
1.015526891023910139e-06
9.835305263550253585e-07
8.830581919028190896e-07
6.696039349662896711e-07
3.731449567112576915e-07
7.660386103225391707e-08
-1.728309797499605338e-07
-3.965248254189646104e-07
-6.376529313456558157e-07
-9.292778031522175297e-07
-1.297636003982916009e-06
-1.738860532896069344e-06
-2.189819269915460609e-06
-2.566971488704439253e-06
-2.842250978574156761e-06
-3.054366288779419847e-06
-3.246814912927220576e-06
-3.421618657739600167e-06
-3.553595206540194340e-06
-3.622723397711524740e-06
-3.623435077315662056e-06
-3.563801783457165584e-06
-3.466030193521874025e-06
-3.346176299601211213e-06
-3.182157342962455004e-06
-2.926738943642703816e-06
-2.568684976722579449e-06
-2.154976073143188842e-06
-1.729661789795500226e-06
-1.279107209484209307e-06
-7.706581186539551709e-07
-2.246387964532914339e-07
2.913052412623073906e-07
7.348814392571512144e-07
1.107785692511242814e-06
1.398948825226398185e-06
1.577912257744173985e-06
1.660165366956789512e-06
1.710853325675998349e-06
1.760264922268106602e-06
1.764070361787162255e-06
1.658892074374307413e-06
1.424742890776542481e-06
1.098358211493177805e-06
7.597737976539065130e-07
5.016584623263042886e-07
3.724915416114527034e-07
3.354807347477617441e-07
3.035280826679809252e-07
2.329632309283624636e-07
1.702365466371702496e-07
1.843049801664164988e-07
2.696056640161259566e-07
3.477658196970878635e-07
3.593261510559386807e-07
3.300013133866741555e-07
3.360797791174263693e-07
4.068957082381530199e-07
4.838270228901819792e-07
4.827958264286280610e-07
3.687667060603416758e-07
1.734724435209500371e-07
-1.937038618393671641e-08
-1.110718557129075634e-07
-5.719256179759213410e-08
8.196345646638292237e-08
1.988937299302051542e-07
2.641424998728325590e-07
3.453284875831741374e-07
4.868183509643131401e-07
6.321877776827022899e-07
6.930781637493055314e-07
6.408097306120907888e-07
5.016721615902497433e-07
3.013171294696803670e-07
5.939889646811025159e-08
-1.699398524124262622e-07
-3.029236381735245232e-07
-2.964376903946686070e-07
-1.904780759787172428e-07
-5.525876645151583944e-08
9.009303170159910223e-08
2.811675869907048764e-07
5.336685831025533844e-07
7.985256615938851610e-07
1.015985844787792303e-06
1.183030917673022486e-06
1.328242774434329476e-06
1.455167080166575033e-06
1.554740038045565598e-06
1.640885898268606979e-06
1.726274035718233790e-06
1.784151777428633068e-06
1.770742642293043900e-06
1.670746769377728924e-06
1.507324668637011200e-06
1.317185592597525101e-06
1.109263848775299266e-06
8.472471222376043443e-07
5.026299163546354976e-07
1.265503328795603011e-07
-1.739679760248691309e-07
-3.445585150529950624e-07
-4.315677699651132571e-07
-5.116857551001885440e-07
-6.160352654660528060e-07
-7.361429652519291267e-07
-8.568752036808291450e-07
-9.570936754244030453e-07
-1.002326939669728745e-06
-9.564714673615526408e-07
-8.015022672225313727e-07
-5.480359277498791926e-07
-2.432463759305392159e-07
2.269189280923455954e-08
1.520283205991290743e-07
1.147538952750437602e-07
-1.426107942847920640e-08
-1.069573016820868361e-07
-8.696184750078828074e-08
8.004744422862586362e-09
7.324016593202031800e-08
4.394213704017602140e-08
-6.116839301739673829e-08
-2.017497990891570225e-07
-3.841976194962626323e-07
-6.294559398156707175e-07
-9.032103776007716078e-07
-1.139233745561796241e-06
-1.311915184487588704e-06
-1.433334773537353612e-06
-1.501732754149998073e-06
-1.498923552389896940e-06
-1.421951537849963643e-06
-1.288062094317865558e-06
-1.116572434511908796e-06
-9.238412985723698512e-07
-7.301294431272253860e-07
-5.530184239432855975e-07
-4.007306131370569346e-07
-2.767650357782258652e-07
-1.727660361439120607e-07
-5.682397841155761853e-08
1.079943743320654903e-07
3.326597095565375639e-07
6.007297770338482223e-07
8.816321610538579989e-07
1.136579271587834228e-06
1.328793928223603871e-06
1.438381104890140705e-06
1.459600980524555780e-06
1.381999254590482451e-06
1.196894913846335839e-06
9.272297916140814777e-07
6.223583000064536463e-07
3.165604027799417963e-07
1.129614091155417555e-08
-2.993798204897757387e-07
-5.984454674035077915e-07
-8.463206881970108952e-07
-1.008733079288504086e-06
-1.075286149898602162e-06
-1.052460675055044703e-06
-9.568561836204025894e-07
-8.202023309422656894e-07
-6.816326276748441160e-07
-5.595048833129112609e-07
-4.410241842833784176e-07
-3.093279872246057494e-07
-1.670935034780995920e-07
-2.538818577590973291e-08
1.162073104410410451e-07
2.681786952507536625e-07
4.301049898458586540e-07
5.713854420719144400e-07
6.443794973165495321e-07
6.356116273309453391e-07
5.971772907287231646e-07
6.026669439052056987e-07
6.761579811609408353e-07
7.856622801227786113e-07
9.024179234984330833e-07
1.041722271111211739e-06
1.229963118021260016e-06
1.445413204237411264e-06
1.621812771190889180e-06
1.710388460196554661e-06
1.711919708213827107e-06
1.651961383686284535e-06
1.546299813526275102e-06
1.394163518853019923e-06
1.203738747790339403e-06
1.009624497783079278e-06
8.454476869701466057e-07
7.114733762136893347e-07
5.866187962055846583e-07
4.580552683819405502e-07
3.271581761055131210e-07
1.920576835345855216e-07
3.190122654928018164e-08
-1.756086760451580631e-07
-4.208262964766618097e-07
-6.683932269879733212e-07
-8.955782959674252197e-07
-1.100703116208023857e-06
-1.277089609175163787e-06
-1.406487058375205379e-06
-1.486657538407598622e-06
-1.545130999147659168e-06
-1.610829826859117020e-06
-1.680997229414060712e-06
-1.719087094897986390e-06
-1.679463025539007504e-06
-1.536548893454892095e-06
-1.298573238273093011e-06
-1.002998146759637166e-06
-6.926478590685292147e-07
-3.851672545351902954e-07
-7.228133114267620840e-08
2.481255592101661023e-07
5.540650249713507947e-07
8.181929729289549869e-07
1.036611706695111934e-06
1.235134845956054050e-06
1.439634388589183800e-06
1.637527020648121834e-06
1.779380227162619121e-06
1.822842591536755208e-06
1.761951352818869054e-06
1.613504650777031202e-06
1.397861296936753206e-06
1.131467570303357206e-06
8.192952805075037759e-07
4.585879764817946125e-07
5.246542400527687278e-08
-3.787404523336590501e-07
-7.914738375802699011e-07
-1.136475134444481228e-06
-1.392485955875599757e-06
-1.569696223668870516e-06
-1.676776037129457109e-06
-1.707197839095897507e-06
-1.660377165535464883e-06
-1.545999907648365479e-06
-1.362138277727353852e-06
-1.096855044124822598e-06
-7.654521709810069297e-07
-4.301160743125365116e-07
-1.645206708644764149e-07
-7.072389340834206450e-09
4.142693654785034596e-08
-3.495164602185241165e-09
-1.105559661596089427e-07
-2.187906318340537837e-07
-2.565656131992000155e-07
-2.005599668564173044e-07
-9.698803893343210802e-08
-6.853168699194611690e-09
4.554795651756649022e-08
6.127870477712349384e-08
3.852636965007150138e-08
-2.452765279770119378e-08
-1.129609898953276570e-07
-1.980489514608052559e-07
-2.591090151327080093e-07
-2.880718454889574787e-07
-2.738813975611265050e-07
-2.122901605616789311e-07
-1.281888728499325225e-07
-5.600981012321426533e-08
-5.322779550454015407e-09
2.903332330106422887e-08
3.601008913278747059e-08
-7.775249777353110403e-09
-1.086806094008352375e-07
-2.474904192695248639e-07
-4.017993546767684165e-07
-5.637676849801209755e-07
-7.316897381315357052e-07
-8.944067531047039665e-07
-1.028019596560625359e-06
-1.102037799682875630e-06
-1.082384869732777588e-06
-9.350605978397652507e-07
-6.453604441958304960e-07
-2.461538883835601155e-07
1.752147795741620939e-07
5.168730581317504402e-07
7.156360766202851664e-07
7.581543854939809535e-07
6.658860911556985229e-07
4.828092983188980725e-07
2.556328695391130168e-07
1.189210063756718228e-08
-2.412490403003175743e-07
-5.037447863287525252e-07
-7.776077382004586980e-07
-1.060778572536946740e-06
-1.326091023656772450e-06
-1.515713393018813804e-06
-1.571288976265350357e-06
-1.470227857680583838e-06
-1.235883246408775449e-06
-9.161469165519520175e-07
-5.549606498789216857e-07
-1.821779989086280693e-07
1.796233277673309203e-07
5.159418492439726833e-07
8.352008080692030489e-07
1.162052512881928124e-06
1.501932501923874952e-06
1.825522986109717749e-06
2.092195018121856265e-06
2.274927282996941358e-06
2.364739202675991692e-06
2.367381284784642048e-06
2.300164851476438344e-06
2.182547405027435161e-06
2.025585672527085990e-06
1.835548573581036180e-06
1.621341766622208524e-06
1.386248413837165572e-06
1.119809439842356369e-06
8.056399565248284489e-07
4.390911954033072107e-07
5.360964294709447131e-08
-2.700255379295413150e-07
-4.478910966554394690e-07
-4.537956499461870408e-07
-3.223567830445972504e-07
-9.951575208333451883e-08
1.850510642498193192e-07
4.982011887477710843e-07
7.966264661263267044e-07
1.058146949617366772e-06
1.293957097914244514e-06
1.515353233116911724e-06
1.697301513559068553e-06
1.789455154721508734e-06
1.766185619089810643e-06
1.650664216867880896e-06
1.481286290072603151e-06
1.274137957807397470e-06
1.035022592077439185e-06
7.874833158894034568e-07
5.595524612544977572e-07
3.431323136737773893e-07
9.331993311434416682e-08
-2.182942466788517777e-07
-5.616116709461493883e-07
-8.667900033287878614e-07
-1.078976652024721261e-06
-1.190352236335456837e-06
-1.221077241098100785e-06
-1.183246808977855835e-06
-1.079310663953947369e-06
-9.230894875145168044e-07
-7.396858450192667078e-07
-5.435424554889323190e-07
-3.324231840906577418e-07
-1.128070437061978737e-07
8.331215894941124134e-08
2.182979130793682998e-07
2.715819960030785296e-07
2.369031193438786431e-07
1.153147408672339225e-07
-7.949697788944831700e-08
-3.198953777427959722e-07
-5.785510666100890376e-07
-8.401152058468142059e-07
-1.087794203158409800e-06
-1.280659603253297973e-06
-1.365167690892121755e-06
-1.318905560765415430e-06
-1.168945004792476539e-06
-9.699610927782487124e-07
-7.796000431881111581e-07
-6.367711762322869617e-07
-5.437235586214228533e-07
-4.768418762068904471e-07
-4.166320195508887991e-07
-3.622303665906656533e-07
-3.244213075959123671e-07
-3.103502308476890903e-07
-3.140962405723257689e-07
-3.182147736424667528e-07
-2.992412646563025191e-07
-2.382591901550767943e-07
-1.365856121537945000e-07
-1.808987981632981246e-08
8.427238640251744073e-08
1.395958122429874493e-07
1.348129075040560565e-07
9.103698062062903773e-08
4.389340446664391493e-08
2.307013247104805487e-09
-5.521718549061915837e-08
-1.434397489674665849e-07
-2.462497832311782986e-07
-3.361865026363375364e-07
-4.084550369043427054e-07
-4.835835056837822776e-07
-5.752340257458854467e-07
-6.690515874652191997e-07
-7.412606919388053939e-07
-7.855718990867899265e-07
-8.162743370121461339e-07
-8.537180633538810071e-07
-9.107430400945304427e-07
-9.860923455562442541e-07
-1.063111085386481136e-06
-1.112002792069688439e-06
-1.092709339900466148e-06
-9.717273314890917391e-07
-7.568320370410219766e-07
-5.067658435109478887e-07
-2.955270304028090322e-07
-1.750336195982526988e-07
-1.641793119233625475e-07
-2.490549775302497437e-07
-3.905583696450776188e-07
-5.478649995893647429e-07
-6.930096674295782577e-07
-7.992069868123508058e-07
-8.361802770195936318e-07
-7.891797508818854112e-07
-6.692419560749840457e-07
-4.897041208096197806e-07
-2.391413431723776739e-07
9.952365331855617114e-08
5.030658485338790342e-07
9.009767154566361569e-07
1.215261704601289239e-06
1.399895722897781525e-06
1.451107891625724733e-06
1.396346078763599508e-06
1.275409658774151467e-06
1.121323748520808294e-06
9.551722541800700128e-07
7.916282811493147165e-07
6.362819817695708480e-07
4.882838311459636316e-07
3.577669360765867168e-07
2.646798691330332076e-07
2.201816329261419014e-07
2.327701338344922988e-07
3.235391261569020571e-07
5.094541393191320822e-07
7.749084716124343686e-07
1.072364170795481186e-06
1.348053046967834234e-06
1.564894432704022620e-06
1.712086600491602439e-06
1.799447886696725618e-06
1.832137513702036813e-06
1.786474058462772518e-06
1.625477011657494586e-06
1.340687163065013010e-06
9.618565854907501489e-07
5.246596401775605045e-07
4.220159155465807999e-08
-4.862037599195900839e-07
-1.047542014021018986e-06
-1.609431251381465700e-06
-2.130816255885292776e-06
-2.558439064159756526e-06
-2.826902573360712267e-06
-2.891292069762130268e-06
-2.757924448815174401e-06
-2.474719622114207596e-06
-2.101173549817758612e-06
-1.686227165009768214e-06
-1.259801479136513080e-06
-8.428755222666950431e-07
-4.678824723214347614e-07
-1.736206911573390244e-07
2.850816471777761762e-08
1.620677210212306818e-07
2.471071240961464355e-07
2.748197971413901541e-07
2.390151792042161105e-07
1.765399986197735416e-07
1.506924576233359403e-07
1.961265070349327289e-07
2.974114465814636787e-07
4.251649841080507031e-07
5.742530788666044828e-07
7.510921591347141657e-07
9.397259077559283469e-07
1.104293573916947935e-06
1.220933654622058384e-06
1.291549438064976130e-06
1.332037982137990184e-06
1.365766479466401506e-06
1.423714934389863629e-06
1.535693627374712378e-06
1.718755584079190157e-06
1.965825958905043080e-06
2.234243083876208402e-06
2.456080210322397761e-06
2.581473609097884037e-06
2.608608610898954794e-06
2.556453637225786224e-06
2.422806574031710625e-06
2.190242639699135907e-06
1.860237375694850925e-06
1.462841851207485888e-06
1.035223476719693281e-06
6.010372999298851937e-07
1.747809790231258376e-07
-2.262759863924657111e-07
-5.890639158678823151e-07
-9.125571409640542697e-07
-1.191413616652425844e-06
-1.400316477884189226e-06
-1.507217348262201995e-06
-1.502241048001451418e-06
-1.411890934832626954e-06
-1.281660729546274524e-06
-1.142855580837931484e-06
-1.001466102934500668e-06
-8.607585186837241054e-07
-7.428099593198567163e-07
-6.801004133194510359e-07
-6.949350108698126860e-07
-7.918051210253906902e-07
-9.572665931045776233e-07
-1.160487272500176914e-06
-1.360620672130608000e-06
-1.519609782008046750e-06
-1.613021368029876612e-06
-1.633886313356924802e-06
-1.588662485119129997e-06
-1.492403043812373653e-06
-1.372030283164349385e-06
-1.270299890165915713e-06
-1.229865688401332591e-06
-1.255340634997992311e-06
-1.289142687710409518e-06
-1.247335148946149275e-06
-1.092372372113459278e-06
-8.567989766561368015e-07
-5.967190759292861912e-07
-3.463162272510089679e-07
-1.199230439397069858e-07
7.223502507258672267e-08
2.227792066378242453e-07
3.183527610417513642e-07
3.264654537815658841e-07
2.176797551101117278e-07
4.324388847010141035e-09
-2.620598138491914142e-07
-5.267107212603150401e-07
-7.537617534580931533e-07
-9.270004284189781174e-07
-1.047872615345113445e-06
-1.131515432462038007e-06
-1.194124251924222335e-06
-1.242602706952311564e-06
-1.274774490411800798e-06
-1.282071821151475888e-06
-1.256085738532419782e-06
-1.194482138089369982e-06
-1.095320840249769390e-06
-9.542189900457742624e-07
-7.695906560911680572e-07
-5.382001972975558601e-07
-2.476921565630618716e-07
1.052073628216021461e-07
4.786348313245980535e-07
7.850421752664260566e-07
9.453672760173503775e-07
9.455289387005905155e-07
8.398447448598744813e-07
7.052431669762881938e-07
5.936043407928082161e-07
5.163861374057887588e-07
4.541272460301115643e-07
3.740362899407045916e-07
2.588330687558482168e-07
1.303545076325463015e-07
3.088378264237690018e-08
-1.729791954119264119e-08
-2.181206504303645488e-08
-3.719441865612793663e-09
1.705710062083198864e-08
3.130170256326891831e-08
5.085818699512856256e-08
1.104073348301426449e-07
2.381006396490192856e-07
4.142088982916902751e-07
5.768451956100761890e-07
6.767389777451171540e-07
7.160535915318178013e-07
7.332948825933272019e-07
7.617900905643182341e-07
8.053640954130969476e-07
8.432473350694635883e-07
8.530054174116230570e-07
8.317375659316894598e-07
7.938882617963827215e-07
7.496030320908175781e-07
6.928405582584673539e-07
6.153245522000361234e-07
5.298929295349807944e-07
4.730720206680416595e-07
4.811345775124209467e-07
5.663694082613801584e-07
7.161389703469467349e-07
9.085912893169734161e-07
1.125823814618343022e-06
1.360513579129474238e-06
1.613654490029148292e-06
1.877057684396277182e-06
2.120043745890143327e-06
2.301703489138162695e-06
2.396742729615652934e-06
2.403658527327934280e-06
2.328009941265918314e-06
2.173320126530597918e-06
1.951160356838954613e-06
1.680275772741879337e-06
1.374137582388357259e-06
1.048144554260943551e-06
7.366602403635624796e-07
4.750129107833345188e-07
2.595536443550372496e-07
5.487481402610683290e-08
-1.485274339074749150e-07
-3.084299180500238435e-07
-3.757230899736896390e-07
-3.501581886666826904e-07
-2.820618760779325385e-07
-2.306944395513710333e-07
-2.304993529378407402e-07
-2.883371905681997305e-07
-4.015599017748172628e-07
-5.678502930095419288e-07
-7.712826004535600077e-07
-9.680411494628060609e-07
-1.102201849789707921e-06
-1.139768642133276444e-06
-1.084335281120729633e-06
-9.646639682614477351e-07
-8.114105298773210961e-07
-6.471109941230679397e-07
-4.956688144375220872e-07
-3.862874109472613782e-07
-3.353513022830156842e-07
-3.328073034936096519e-07
-3.563981181287090294e-07
-3.909071324414981063e-07
-4.272816909178800415e-07
-4.588815443185012555e-07
-4.878778554484597407e-07
-5.245628926786594093e-07
-5.784594918623042759e-07
-6.569200650119455531e-07
-7.671616231164080091e-07
-9.063707580025948118e-07
-1.050176479111541994e-06
-1.161318664344435092e-06
-1.209214588016038761e-06
-1.176427758764475584e-06
-1.055350594469928183e-06
-8.514567753081792034e-07
-5.872516339877620339e-07
-2.946136703485535691e-07
-6.514610184638058854e-09
2.410632760074804537e-07
4.118709284739452414e-07
4.854922508457093500e-07
4.700823410530574620e-07
3.948094899897114374e-07
2.892251984576432733e-07
1.776775206963066012e-07
8.720095934222626965e-08
3.937244841267784068e-08
3.620283806071711297e-08
6.669055352404029691e-08
1.210308226973211276e-07
1.945775238709757105e-07
2.858282357465213863e-07
3.944657009924412705e-07
5.197281893742911052e-07
6.495737352452124469e-07
7.489099971280666068e-07
7.760442031212733127e-07
7.148238410081830807e-07
5.820948558721283916e-07
4.087379750217223773e-07
2.164735946053042426e-07
5.946690251334985078e-09
-2.292508156642725226e-07
-4.720763229215663159e-07
-6.803434189350809902e-07
-8.251340659626293927e-07
-9.123983772951760329e-07
-9.554978532833047211e-07
-9.489500598647282459e-07
-8.812193641460908111e-07
-7.514394155805348419e-07
-5.682372261617274489e-07
-3.533826316015620250e-07
-1.458819411936929100e-07
1.613890177054599917e-08
1.175952633047927520e-07
1.591701135339462780e-07
1.368795494727237383e-07
4.923778362808661768e-08
-8.191305767013545847e-08
-2.189248817785482970e-07
-3.382751003755402053e-07
-4.382608267405885272e-07
-5.138315941621840466e-07
-5.491622232511872426e-07
-5.459208978209062479e-07
-5.268753966447548009e-07
-4.989256012777332217e-07
-4.404363664889388019e-07
-3.390120753010705812e-07
-2.266464207423268817e-07
-1.583831163998183911e-07
-1.550631054669793230e-07
-1.860472877979191253e-07
-2.130605594174994621e-07
-2.266657617155942717e-07
-2.375838477064462495e-07
-2.629078608151758090e-07
-3.222494342480786145e-07
-4.212064084185840329e-07
-5.373381668505317066e-07
-6.366381057887338102e-07
-6.955838216526899487e-07
-6.968151637920527719e-07
-6.173948463583656121e-07
-4.400839088702923618e-07
-1.794227983964447048e-07
1.216077407661941834e-07
4.239460338339995360e-07
7.028068012004951015e-07
9.365386972604028415e-07
1.107252160181815270e-06
1.214052076647931244e-06
1.280047740692680236e-06
1.343304006695689168e-06
1.434347268514102325e-06
1.549481567053589970e-06
1.649852492846548557e-06
1.694350771686004009e-06
1.665615286583488341e-06
1.567061644891509786e-06
1.409202923241537064e-06
1.198423660753178410e-06
9.348315757051750552e-07
6.292551120168354828e-07
3.151247938149026595e-07
2.311627156359463697e-08
-2.487965673481085105e-07
-5.179130653232277837e-07
-7.735667963970627170e-07
-9.721997002998250537e-07
-1.077879915101220831e-06
-1.085871303985186387e-06
-9.989302043322823010e-07
-8.065609335972112603e-07
-5.047166382610157598e-07
-1.204249855391026358e-07
2.945628239103825763e-07
6.846308338026574347e-07
1.000762608782679308e-06
1.205777493851201143e-06
1.284346012653259095e-06
1.243008341589302290e-06
1.097699851015931927e-06
8.658148544782306999e-07
5.663387128151953220e-07
2.254980131510819774e-07
-1.210235609505616594e-07
-4.468045631256245542e-07
-7.583596470794873312e-07
-1.079136040971206967e-06
-1.404287900186318439e-06
-1.689179953245911747e-06
-1.884320681710960343e-06
-1.968879587366245687e-06
-1.952642833202844486e-06
-1.857519464465440251e-06
-1.702534291325719096e-06
-1.499994823461747728e-06
-1.252981519428431056e-06
-9.547404715704033151e-07
-6.029844143995433114e-07
-2.169018387121468550e-07
1.697511322618083796e-07
5.337369088920240756e-07
8.711076020517793950e-07
1.172113684333453421e-06
1.393017214468272869e-06
1.469917606300441548e-06
1.370726636196195614e-06
1.122809521802992094e-06
7.820923428880632855e-07
3.931931473744043615e-07
-1.493951451436714706e-08
-4.170044576312648132e-07
-7.896951501606963575e-07
-1.116745352192083374e-06
-1.384142137794697192e-06
-1.566724563417665195e-06
-1.629669213798479177e-06
-1.553984589008905459e-06
-1.351620539935538545e-06
-1.046642751134641003e-06
-6.591486112483835313e-07
-2.238489855699299369e-07
1.964589557701401645e-07
5.489424097504524980e-07
8.360150332009652629e-07
1.099416181205015164e-06
1.360228679914143868e-06
1.591157342772930861e-06
1.750885530782397836e-06
1.823501747821865138e-06
1.814360985008534044e-06
1.729068799249944277e-06
1.570839572195836809e-06
1.347492002423678059e-06
1.067192783921200316e-06
7.295387263184238691e-07
3.382235433946334524e-07
-7.427065895626583369e-08
-4.506259472236706642e-07
-7.398302273031731602e-07
-9.185014846480044071e-07
-9.890310366245103069e-07
-9.688625368653447367e-07
-8.861825904205034021e-07
-7.750071517875767313e-07
-6.563254260072426405e-07
-5.273214469525555614e-07
-3.777864776566275395e-07
-2.082925192326001707e-07
-2.930069875617391517e-08
1.459832503769575851e-07
3.026938202310702763e-07
4.277251832718320657e-07
5.187029614717175718e-07
5.830700047226855531e-07
6.238448690965014976e-07
6.312769187388767023e-07
5.906992441850889008e-07
4.929471515424665995e-07
3.363519454069319181e-07
1.275964933711293270e-07
-1.148530373029643670e-07
-3.662454730601893971e-07
-6.092350304243154824e-07
-8.355203817700385116e-07
-1.031470105772314128e-06
-1.171799908661341760e-06
-1.238689492311095819e-06
-1.237167225554003380e-06
-1.183175754704279825e-06
-1.092257321033685002e-06
-9.784740768736810423e-07
-8.449283086520154029e-07
-6.763820010746712796e-07
-4.605679180258448469e-07
-2.169882264979605679e-07
1.454426801217323373e-08
2.067715882958509610e-07
3.506540906528243795e-07
4.392084633764170576e-07
4.546854199816152686e-07
3.761204823149455478e-07
2.131874197175420704e-07
2.043685576325060538e-08
-1.482486027271079365e-07
-2.949934980733814882e-07
-4.667723203510831809e-07
-6.832329972894513048e-07
-8.989987918539554812e-07
-1.046254396896983963e-06
-1.082406924979295582e-06
-9.912062068906379864e-07
-7.804159736224391963e-07
-4.897444227935920935e-07
-1.680534609249662026e-07
1.607925099733620300e-07
4.922620746583561413e-07
8.141396392602473497e-07
1.100142299037543125e-06
1.321210902460734360e-06
1.455887741030892357e-06
1.495947003604669590e-06
1.442759753444988746e-06
1.295945253332320135e-06
1.053928940564219374e-06
7.308780141102033667e-07
3.709287454967125086e-07
3.905559253780666040e-08
-2.132096881268807920e-07
-3.730640401045093313e-07
-4.510824282988323830e-07
-4.485913223106763326e-07
-3.557313448254717514e-07
-1.760289194407960167e-07
6.528197360466947430e-08
3.315852836749400012e-07
5.840276458002335858e-07
7.947921858431072906e-07
9.553891686664428562e-07
1.062198407453252003e-06
1.102926034945994616e-06
1.067188350134529173e-06
9.616660463507287204e-07
8.063075824793486390e-07
6.201928499649511650e-07
4.156366060215077596e-07
2.029104848588758614e-07
-7.926344025577236607e-09
-2.116423161169223022e-07
-4.073917807545512915e-07
-5.963744911241519731e-07
-7.824568228897987865e-07
-9.642509439800051041e-07
-1.117960096053138841e-06
-1.200467636408575345e-06
-1.189385670841147657e-06
-1.115377699534292333e-06
-1.032248292176518589e-06
-9.588605962562724017e-07
-8.785175964476366062e-07
-7.851982104511989746e-07
-6.930194444976223167e-07
-6.078866476855182555e-07
-5.196536108087457251e-07
-4.209282451483886689e-07
-3.220559960936952848e-07
-2.435150747714942554e-07
-1.925521928569651209e-07
-1.556700510718656005e-07
-1.148908594927888771e-07
-5.806605329894409806e-08
2.820921629620443127e-08
1.611018092262384016e-07
3.500306888781778980e-07
5.914934604334121104e-07
8.753154361329507083e-07
1.181794118565449025e-06
1.474718942517938558e-06
1.713101028144592419e-06
1.869133257059729658e-06
1.930990038090385497e-06
1.904966779875394423e-06
1.815741256905312184e-06
1.686635073383513372e-06
1.529817495793395210e-06
1.360378519166260958e-06
1.196988705487456173e-06
1.047926730279868934e-06
9.077863865059043746e-07
7.652064368812716566e-07
6.147295152914011851e-07
4.617432978193392046e-07
3.162843711379537126e-07
1.875871902257131296e-07
7.628552367577867699e-08
-3.598802322812844068e-08
-1.735612755737747648e-07
-3.385268314559652936e-07
-5.089779051559162326e-07
-6.602489861506910529e-07
-7.768940690766612533e-07
-8.507423103765177075e-07
-8.760503646954020951e-07
-8.472730428366048727e-07
-7.642777291039237753e-07
-6.434298143176420126e-07
-5.184465408092364669e-07
-4.237771236148546450e-07
-3.783937074786081212e-07
-3.799671617343847174e-07
-4.024634847610286670e-07
-4.053109421420231229e-07
-3.634897893789457157e-07
-2.891823669415316544e-07
-2.121768574170346255e-07
-1.459007137327716919e-07
-8.337777046563132899e-08
-1.209911015820352986e-08
7.450996264424247784e-08
1.655802748246060219e-07
2.383443273856755695e-07
2.819374742557556601e-07
3.045895766717876540e-07
3.238943406813632464e-07
3.603273057706246618e-07
4.316712534091493580e-07
5.390433557295182254e-07
6.545787414324877318e-07
7.320352324313716963e-07
7.354321382990747225e-07
6.546641770910355262e-07
4.962423076904087793e-07
2.698143362067639828e-07
-1.022999995825557562e-08
-3.154494834234355949e-07
-6.064714739295595791e-07
-8.485987450512766372e-07
-1.025483015837380663e-06
-1.139785354098421521e-06
-1.199112261929258239e-06
-1.202274120259971824e-06
-1.136288119596429169e-06
-9.828341944739804603e-07
-7.356284754678199533e-07
-4.197139276129746577e-07
-9.126821964855480473e-08
1.884728675349833793e-07
3.851629060136474436e-07
5.027982297178823501e-07
5.685420205736591015e-07
6.082659638195764273e-07
6.308238198471372016e-07
6.307785724857239984e-07
6.025537686582538299e-07
5.396208848651440348e-07
4.226387204653292429e-07
2.306844635313609615e-07
-2.947288635368749965e-08
-3.157684602683730191e-07
-5.749310503233573399e-07
-7.685304694859951269e-07
-8.838052849569066893e-07
-9.260655815523932688e-07
-8.948140362008416560e-07
-7.817297387191501912e-07
-5.976393140372238122e-07
-3.807797952504188288e-07
-1.724137206338127726e-07
6.134517782641069061e-09
1.485979197468623170e-07
2.503910252471541753e-07
3.084056743318797089e-07
3.189603035025356803e-07
2.734072950261179358e-07
1.733695000893931137e-07
5.152711324285519368e-08
-3.813577365008313791e-08
-5.830159466313489247e-08
-1.128036508646346192e-08
8.086900038506428245e-08
2.057093269058896112e-07
3.613311889694159618e-07
5.438240577859687619e-07
7.433202995343890507e-07
9.440943813388003036e-07
1.123810989156481810e-06
1.259079340343305375e-06
1.335426418336282950e-06
1.348629780295595992e-06
1.297766971219971310e-06
1.183840709018113557e-06
1.022134597405965906e-06
8.478269251099845860e-07
6.922845159351709299e-07
5.569173140429484192e-07
4.222644065521308221e-07
2.828122092068952043e-07
1.611491882158588851e-07
7.939667057144106366e-08
2.708285506969332346e-08
-3.075834698051949090e-08
-1.200104122744960478e-07
-2.404134704647731269e-07
-3.826718852906196844e-07
-5.560907538892934099e-07
-7.859126185394416098e-07
-1.085914163923007436e-06
-1.444431404706847388e-06
-1.825899630603089463e-06
-2.178550403186818585e-06
-2.454168452459271066e-06
-2.626012928885756992e-06
-2.687060259631834924e-06
-2.635929376992862672e-06
-2.474762140991515480e-06
-2.221855083917034790e-06
-1.908685362650430761e-06
-1.556242636979732197e-06
-1.165385356216575019e-06
-7.361333018707227893e-07
-2.892629993311857106e-07
1.341942095223203069e-07
4.947236220687045716e-07
7.794199063937412575e-07
1.001867531158495694e-06
1.171964527202362660e-06
1.274972532883111853e-06
1.283224946746486239e-06
1.178416937364090700e-06
9.672819487605011091e-07
6.890197710163192824e-07
3.988159562595683383e-07
1.322777620771375950e-07
-1.028660960855631856e-07
-3.010114824064658023e-07
-4.448708352811081568e-07
-5.184013502912421245e-07
-5.175241994948009960e-07
-4.472212253858742770e-07
-3.185499224400700768e-07
-1.476547026868502144e-07
4.220705562829607516e-08
2.184188190312852385e-07
3.502311187730811071e-07
4.226168641707772622e-07
4.324678855027741520e-07
3.770747127873619320e-07
2.529041864818282193e-07
6.004465546993742464e-08
-1.933100435280721285e-07
-4.864217544309212826e-07
-7.894628311078122351e-07
-1.073748194357904140e-06
-1.314744508817966562e-06
-1.485595021222252399e-06
-1.559743850521044806e-06
-1.525453740214288700e-06
-1.391604087075393181e-06
-1.174755311694752891e-06
-8.802775255389860831e-07
-5.051809921496897005e-07
-6.562890320083170081e-08
3.900308058746304596e-07
8.029081186577968765e-07
1.127849259319191333e-06
1.340930793958250433e-06
1.448991724828374572e-06
1.489117721575894393e-06
1.492107912781648338e-06
1.450607101105561014e-06
1.341220013273414224e-06
1.168024482467444614e-06
9.657377404437283985e-07
7.642014452358125709e-07
5.681870334228733554e-07
3.776528103571763495e-07
2.064849269345359062e-07
6.383451278679785901e-08
-6.095658733329401002e-08
-1.759950123414455447e-07
-2.732215307332808152e-07
-3.487305377802840667e-07
-4.150794552515435498e-07
-4.845131797992507927e-07
-5.491872911989048589e-07
-5.886083158657129388e-07
-5.951580419605306815e-07
-5.811065193483955227e-07
-5.619631338049657643e-07
-5.445868964670808055e-07
-5.284539952299383003e-07
-5.077314995105552953e-07
-4.723780477888794849e-07
-4.127405759390967432e-07
-3.301819617718138034e-07
-2.428724883429822512e-07
-1.752048603975708829e-07
-1.415342438804145786e-07
-1.370475359863121412e-07
-1.417685808746682596e-07
-1.405408767141125281e-07
-1.419425785798011930e-07
-1.688143811406916939e-07
-2.277559900676351390e-07
-3.022466614766017301e-07
-3.782627402415528195e-07
-4.569979523694200907e-07
-5.379329195420723408e-07
-6.079504828448989429e-07
-6.559341159118048381e-07
-6.803991254855645820e-07
-6.679654234176268801e-07
-5.834346552546776365e-07
-4.015955425984429894e-07
-1.356648056116682710e-07
1.826333715371220023e-07
5.322650054040423129e-07
8.935655273489828687e-07
1.229001441060972866e-06
1.490541421844682191e-06
1.643481823521142360e-06
1.678149601502809674e-06
1.603629584678856190e-06
1.440050368728407193e-06
1.209939796353864949e-06
9.290038747167272959e-07
6.117297743912786245e-07
2.834658801020850660e-07
-2.510465080263202253e-08
-2.916686980825033970e-07
-4.992360800315509550e-07
-6.273181156757345889e-07
-6.626468120884965174e-07
-6.137506716186180711e-07
-5.049765263720473740e-07
-3.614592856138187926e-07
-2.000446244210252189e-07
-2.749472827190402313e-08
1.586819564636243740e-07
3.639211172412615269e-07
5.814255814584612381e-07
7.844430456316331401e-07
9.381927839058334939e-07
1.017530507851915900e-06
1.008048911899095401e-06
9.011138217829284258e-07
7.045461529742169660e-07
4.474989054870093241e-07
1.630353523296435014e-07
-1.237667959230748238e-07
-3.890195046096778242e-07
-6.086297617002855986e-07
-7.693193424529454205e-07
-8.713936949789058417e-07
-9.170007047032413539e-07
-9.021284199661749881e-07
-8.256398018602340017e-07
-6.987573897276888601e-07
-5.441474399958678987e-07
-3.951959399728366407e-07
-2.927272646502387943e-07
-2.679252588677627500e-07
-3.236315535559697310e-07
-4.433299238826293731e-07
-6.115222390690178145e-07
-8.118280447888537310e-07
-1.026091922540217638e-06
-1.245124508386652451e-06
-1.463791477362974547e-06
-1.665801505623676348e-06
-1.817792281144647859e-06
-1.880796276054752525e-06
-1.834899080677132588e-06
-1.686398491074214689e-06
-1.445749717277067248e-06
-1.113749249270767905e-06
-7.015563028289761860e-07
-2.509514445137028815e-07
1.823002975243070978e-07
5.615982558992982376e-07
8.781090059528651182e-07
1.131566136791661847e-06
1.315732447437767405e-06
1.426829385309247300e-06
1.477020873608125839e-06
1.491380430707067717e-06
1.493346189818112180e-06
1.495047968091967050e-06
1.497517587267793715e-06
1.498323285886726808e-06
1.497182324783352669e-06
1.491183411417296156e-06
1.466235175939800683e-06
1.395548110849631485e-06
1.255223196494625881e-06
1.052025254466570914e-06
8.236374924308620393e-07
6.020727596478536725e-07
3.924122893295134418e-07
1.865546153112518368e-07
-2.219735328878869041e-08
-2.371963319092174061e-07
-4.545587160009745276e-07
-6.554105311806779355e-07
-8.084114710982248653e-07
-8.898523446987383068e-07
-9.010183248392422684e-07
-8.639935913379304111e-07
-8.114637353173748124e-07
-7.795813417033059523e-07
-7.927425826892431360e-07
-8.476908988086506724e-07
-9.153382620752381627e-07
-9.609085509509895928e-07
-9.651346317696152255e-07
-9.288119713346532080e-07
-8.602501111454330385e-07
-7.619257758051389828e-07
-6.327420578600140288e-07
-4.819571017833368387e-07
-3.303664470877265558e-07
-1.897238064429984661e-07
-5.100625344311993103e-08
9.170494053023503511e-08
2.180229188297744258e-07
3.033479458736110246e-07
3.526207876802800456e-07
3.931572791771031916e-07
4.403596847168955719e-07
4.858260354012600146e-07
5.124751396579085849e-07
5.032987928643706255e-07
4.444707144557469292e-07
3.401102333100425312e-07
2.224946058504428947e-07
1.333247610091348179e-07
9.125560751499506296e-08
8.571659293465927476e-08
1.056325302783989173e-07
1.625381997882868745e-07
2.757850552370655350e-07
4.459025717551412527e-07
6.543846780004969332e-07
8.789452863311453257e-07
1.094831986847566441e-06
1.275835302294581197e-06
1.411218249813828152e-06
1.510057700215838850e-06
1.576822228344099130e-06
1.593970978319703136e-06
1.542677182442275807e-06
1.433365241609863006e-06
1.298085521739267278e-06
1.157170004262297880e-06
1.009508423521765508e-06
8.495781571582483593e-07
6.788887958464329131e-07
5.000070473215600941e-07
3.122497389540512813e-07
1.229350203857393353e-07
-4.742088677289757470e-08
-1.798478592718311120e-07
-2.669419814083084930e-07
-3.095742329151107697e-07
-3.100658148014190374e-07
-2.669370644525770331e-07
-1.795584125829918776e-07
-5.438070260765925923e-08
1.016294675082463073e-07
2.864377961486752611e-07
4.870021257374901325e-07
6.691545877401949838e-07
8.078689575086173136e-07
9.125364499595889356e-07
1.000268980533292051e-06
1.069404902409587521e-06
1.112651148105214816e-06
1.130853092945471872e-06
1.124947857533697970e-06
1.086013298845500685e-06
9.985908491216832772e-07
8.518946970070828684e-07
6.488748454103188124e-07
4.073158095252438216e-07
1.509700808810521266e-07
-1.013164521168619103e-07
-3.407938038435531780e-07
-5.684882466994167771e-07
-7.867857334531436209e-07
-9.887470469038817100e-07
-1.156976395577657968e-06
-1.266743083760957234e-06
-1.286870997319056187e-06
-1.192277068184921518e-06
-9.886106226986157708e-07
-7.152262924137176014e-07
-4.154129271682904800e-07
-1.134724456619551347e-07
1.745742679304385092e-07
4.251743064287438756e-07
6.210383958205056842e-07
7.732241442681697663e-07
9.066586699191248044e-07
1.024679363581526559e-06
1.107685534407210071e-06
1.143492227129172534e-06
1.138033780989644583e-06
1.095793777494691312e-06
1.011338667922245804e-06
8.863160019245697185e-07
7.386821039290225599e-07
5.916670602346130181e-07
4.662873038796533365e-07
3.863767119582917076e-07
3.731190361122571630e-07
4.240881423811515560e-07
5.141824317433929536e-07
6.255607445382338483e-07
7.561373536191240419e-07
8.915457101466017775e-07
9.898101325234165415e-07
1.010200890050327871e-06
9.478293918618874159e-07
8.256516821347759105e-07
6.640177616645814851e-07
4.719177582046540920e-07
2.578108535544743063e-07
3.804414205887951539e-08
-1.623614167556297616e-07
-3.162408575008157641e-07
-4.040994383558427216e-07
-4.162925790751614841e-07
-3.479802046513214009e-07
-2.053358656439741026e-07
-2.309962177093893843e-08
1.408269554303842597e-07
2.407820716143760365e-07
2.668750482825998915e-07
2.362210267392583773e-07
1.750149039025927777e-07
1.049049487278352899e-07
3.157696681910238112e-08
-5.362743138448422542e-08
-1.600720622718654340e-07
-2.905418909904255997e-07
-4.377102982289216015e-07
-5.796193818241590634e-07
-6.874366249576269183e-07
-7.397443368972744793e-07
-7.236186547743272968e-07
-6.285720814958040137e-07
-4.527030625922634499e-07
-2.133763388201259659e-07
5.982088424616449629e-08
3.477316568023525178e-07
6.550746434186294209e-07
9.970650580726214685e-07
1.372791871290246490e-06
1.752870844029530417e-06
2.089966301355161704e-06
2.337744717806344852e-06
2.465809984641964547e-06
2.467209469614317641e-06
2.347754161746706814e-06
2.110607738359249197e-06
1.769020400388399139e-06
1.365273647024878301e-06
9.539876373310107738e-07
5.719596742892463226e-07
2.366701608025323367e-07
-3.639154400048028037e-08
-2.289303893121541478e-07
-3.257717935412074439e-07
-3.179641225870000198e-07
-2.077751588558385265e-07
-1.461791043766424991e-08
2.316807439228796284e-07
5.026263352192472667e-07
7.670323043384996708e-07
9.780375194168300368e-07
1.082096900972828735e-06
1.053985670296242461e-06
9.105819458454789128e-07
6.770105187570152339e-07
3.533768335728382226e-07
-6.732132362685661064e-08
-5.593720970864524134e-07
-1.063352328856126405e-06
-1.522207412563147955e-06
-1.904951545839139726e-06
-2.199307573391706683e-06
-2.400556468273862265e-06
-2.517675056878942996e-06
-2.579421106929657981e-06
-2.615987796161789447e-06
-2.632622681630891748e-06
-2.617191512399585918e-06
-2.571361619629897177e-06
-2.508166517145582475e-06
-2.425321326882112771e-06
-2.308085640834178776e-06
-2.152778961317380890e-06
-1.973839744096039794e-06
-1.795374714674835559e-06
-1.644473741180263460e-06
-1.545477630315872375e-06
-1.509666503807238769e-06
-1.525603920526918955e-06
-1.560801365485531278e-06
-1.584771439411269967e-06
-1.596722654539917130e-06
-1.615482460692874156e-06
-1.645396423555212095e-06
-1.675748990237480029e-06
-1.702480858511989936e-06
-1.730264671095937956e-06
-1.762607212185685057e-06
-1.796093897610262502e-06
-1.820011902964324690e-06
-1.820431521082355175e-06
-1.788361828403139953e-06
-1.730193616822361946e-06
-1.668121058173710480e-06
-1.627284291316755116e-06
-1.623310254217358306e-06
-1.658843302720924839e-06
-1.731435418150795158e-06
-1.844566099862277042e-06
-2.002628889385960065e-06
-2.197722324126516469e-06
-2.415027893221122213e-06
-2.645034328452311456e-06
-2.874716756195994094e-06
-3.074302185268606991e-06
-3.209742317267227918e-06
-3.264948418291169219e-06
-3.241947752030682750e-06
-3.142852847304311581e-06
-2.957340257125906646e-06
-2.672737537068314850e-06
-2.298799017808050849e-06
-1.872490884124999866e-06
-1.436169327462266665e-06
-1.026130007630854379e-06
-6.766558158233237918e-07
-4.068423322678427212e-07
-2.069881333000012091e-07
-6.149566900148784043e-08
2.515336738895257440e-08
3.859571151565432956e-08
-2.305871582564122946e-08
-1.423907605158092338e-07
-2.892882946525787702e-07
-4.335938115218596067e-07
-5.568002166000951547e-07
-6.449079137382796034e-07
-6.698224979118094780e-07
-5.985356210658210330e-07
-4.194349685349152423e-07
-1.441065364815585781e-07
2.059064030390800326e-07
6.043046596460044384e-07
1.024252128445368726e-06
1.447731278858555015e-06
1.866103048087097704e-06
2.264080194436246529e-06
2.609903276606928557e-06
2.869209765776759014e-06
3.024054421985056251e-06
3.076327175222104415e-06
3.034784413102897815e-06
2.898497541536926292e-06
2.656942115208948962e-06
2.307757313246838748e-06
1.869612901828077156e-06
1.378243268845835701e-06
8.747645097173517570e-07
3.985341834322753130e-07
-1.732601973003511375e-08
-3.552779901383473771e-07
-6.165797117319016252e-07
-8.069881687333690934e-07
-9.217707201969460584e-07
-9.527238375994784292e-07
-9.105036156142887194e-07
-8.354629699169890955e-07
-7.863168320909608155e-07
-8.150404937623534352e-07
-9.391764024258009158e-07
-1.131570229517819826e-06
-1.345847636002872605e-06
-1.555018570797983557e-06
-1.758839744070428424e-06
-1.960132294698269106e-06
-2.152377874153899029e-06
-2.329338713025208563e-06
-2.488898189767496660e-06
-2.621045268824673258e-06
-2.696334377105813473e-06
-2.675496489246143028e-06
-2.534074155846610665e-06
-2.275718770761159249e-06
-1.926742697833105922e-06
-1.520260980214516167e-06
-1.084660198102938011e-06
-6.442624567171151284e-07
-2.194749981754284818e-07
1.766019153137676767e-07
5.342202484825975262e-07
8.448232051705417689e-07
1.106087324842519592e-06
1.314802489105204586e-06
1.459867689845850691e-06
1.544853944324131589e-06
1.607091007826966234e-06
1.690197336756682489e-06
1.806874593057727907e-06
1.945699295902159065e-06
2.101421614497667179e-06
2.280746457472559996e-06
2.485685172359808348e-06
2.707707608351483941e-06
2.932853476522723213e-06
3.141284651064779609e-06
3.314663672426831909e-06
3.456646027188980952e-06
3.593724841266521253e-06
3.739292878890410066e-06
3.862416633637621999e-06
3.904730874637607485e-06
3.826464762823889032e-06
3.632865173130994663e-06
3.362076085977605544e-06
3.054163926208275370e-06
2.728980916799628176e-06
2.386642790952464566e-06
2.025863523158477619e-06
1.657676534705387894e-06
1.299737959925550967e-06
9.628486168367089704e-07
6.496973696812347043e-07
3.641835917278513080e-07
1.126263029505025770e-07
-1.019075455133133801e-07
-2.767428952665795805e-07
-4.072094270668458194e-07
-4.963077344655175693e-07
-5.552670359065814409e-07
-5.852605795553245116e-07
-5.700891279047937132e-07
-4.955240910931024700e-07
-3.672060984172276221e-07
-2.041046087697395706e-07
-2.244470209689097828e-08
1.685093167225204525e-07
3.556509113877837081e-07
5.164612275621038862e-07
6.368514959831372835e-07
7.303922870960377622e-07
8.314741535286884755e-07
9.714619864098494872e-07
1.158027657766069751e-06
1.369868527945072856e-06
1.571405732647690456e-06
1.734251782181672752e-06
1.846706595642899629e-06
1.911942945298505947e-06
1.941785512826754712e-06
1.941656591952778399e-06
1.894003503366548102e-06
1.771393840499513317e-06
1.574880229782138485e-06
1.339819505119521637e-06
1.101396378544450272e-06
8.748676236791652627e-07
6.695036063320003450e-07
5.023484277444367763e-07
3.866954898512631189e-07
3.140380329114123015e-07
2.576944666543568019e-07
1.954187922592609539e-07
1.301678480558621231e-07
8.865160339155409019e-08
9.984874793644848978e-08
1.843309007654170273e-07
3.595534963096724823e-07
6.327789492388546932e-07
9.835127912083407864e-07
1.368787593492015731e-06
1.745199256220075767e-06
2.077717681459034793e-06
2.340407490919460543e-06
2.521151373002794571e-06
2.620398618091712706e-06
2.641721948748454452e-06
2.589933956187451258e-06
2.475617520758532919e-06
2.310413947270717472e-06
2.101040763591299765e-06
1.858204655036388431e-06
1.606449927749054041e-06
1.377574108119006269e-06
1.192667923533008434e-06
1.046322154252266046e-06
9.094611641558003612e-07
7.532347012784157414e-07
5.707706804969348013e-07
3.786066145039512776e-07
2.016558795503442525e-07
5.701225447296565108e-08
-4.876145709431511932e-08
-1.063805541434703628e-07
-9.411456147745411727e-08
6.376962957688192546e-09
1.864195269263291266e-07
4.149064807279501110e-07
6.655217248408007436e-07
9.227063060279760975e-07
1.158444092652644031e-06
1.329266183347499464e-06
1.406803562531422358e-06
1.393797901982907206e-06
1.310125298914499581e-06
1.179275045615213457e-06
1.025931396725354716e-06
8.719203492546512280e-07
7.293762109839008190e-07
6.007580282130220439e-07
4.827759312320267782e-07
3.666529266865836689e-07
2.371828315972379642e-07
7.704263538244049414e-08
-1.209081261777100735e-07
-3.479250381133169867e-07
-5.929392727921367623e-07
-8.596366001256683376e-07
-1.162029548140708357e-06
-1.498957431067537982e-06
-1.842196752477320842e-06
-2.157165226890356280e-06
-2.426214450679253787e-06
-2.647839210112579167e-06
-2.828266588039696217e-06
-2.978350494231563061e-06
-3.105076302745146677e-06
-3.205507255188422278e-06
-3.275419885540031828e-06
-3.320788891869597137e-06
-3.357795321790035814e-06
-3.402918537176446989e-06
-3.466503812887822278e-06
-3.555082003003917634e-06
-3.668764520625700243e-06
-3.790447635765303858e-06
-3.890407242579385638e-06
-3.949061010644072667e-06
-3.964853021898306906e-06
-3.939449470635736361e-06
-3.868284238706110045e-06
-3.747367145479074679e-06
-3.581274086172925308e-06
-3.380715043022064492e-06
-3.152629233227344230e-06
-2.896227215387625620e-06
-2.612798880363698117e-06
-2.315561232535401359e-06
-2.024784635068499483e-06
-1.756520646267745178e-06
-1.519995294074760750e-06
-1.321508079854538664e-06
-1.164391505881212652e-06
-1.046051352204813156e-06
-9.586602800482069142e-07
-8.919768106352421455e-07
-8.358852596757060383e-07
-7.833120321265596431e-07
-7.319931114579958376e-07
-6.835065278210095130e-07
-6.402497660928929690e-07
-6.034179591551946942e-07
-5.720179956369975116e-07
-5.405966589933086652e-07
-4.986033559362113010e-07
-4.375014839297364233e-07
-3.598810565108578885e-07
-2.772720506527548423e-07
-1.998888023990730289e-07
-1.320404550142484368e-07
-7.426520909348255373e-08
-2.374423679896153772e-08
2.643749041908449726e-08
8.303433673972904216e-08
1.476963404911657562e-07
2.181795792921548127e-07
2.926332456354430178e-07
3.717131278335727984e-07
4.572865179852669826e-07
5.493974981618521269e-07
6.445209805860940833e-07
7.373485004791291431e-07
8.243818001574254595e-07
9.040821282724209595e-07
9.734375225889380090e-07
1.027754478855058551e-06
1.064752382262668107e-06
1.085619942386983894e-06
1.091819285647943616e-06
1.083651227418158669e-06
1.061927946466312278e-06
1.029622126225149259e-06
9.916223007166991010e-07
9.525912787466950249e-07
9.146135653281817213e-07
8.774028401603573002e-07
8.407815812461194582e-07
8.060521281549881678e-07
7.749140422674827278e-07
7.479669648091658019e-07
7.249370241879660171e-07
7.056613071654282976e-07
6.901360620759078301e-07
6.778942065466253553e-07
6.677491342088615056e-07
6.579408591278479435e-07
6.465041906267288141e-07
6.319554586298181675e-07
6.135122134764969815e-07
5.909238893764268141e-07
5.641540496981178876e-07
5.346393550098582637e-07
5.037725259171565995e-07
4.729898250843689311e-07
4.422596475706086494e-07
4.118524827845249092e-07
3.814068634255818324e-07
3.513705735258554341e-07
3.214214245872426545e-07
2.915712684625759721e-07
2.615364564917399548e-07
2.310194560095624183e-07
1.999689089871026226e-07
1.677313861137008644e-07
1.359512680210173130e-07
1.027366565153897682e-07
6.715470135532086715e-08
2.576675939280903549e-08
-6.235715055424861930e-09
-2.268963683604852122e-08
-1.399227933518432110e-08
