   0.00000000       2.56494445E-07
  0.250000000       2.57507025E-07
  0.500000000       2.58486239E-07
  0.750000000       2.59435296E-07
   1.00000000       2.60352579E-07
   1.25000000       2.61237346E-07
   1.50000000       2.62088776E-07
   1.75000000       2.62907037E-07
   2.00000000       2.63691959E-07
   2.25000000       2.64441240E-07
   2.50000000       2.65157212E-07
   2.75000000       2.65839191E-07
   3.00000000       2.66488030E-07
   3.25000000       2.67101996E-07
   3.50000000       2.67678047E-07
   3.75000000       2.68218542E-07
   4.00000000       2.68725074E-07
   4.25000000       2.69195311E-07
   4.50000000       2.69628430E-07
   4.75000000       2.70024373E-07
   5.00000000       2.70383367E-07
   5.25000000       2.70706920E-07
   5.50000000       2.70990995E-07
   5.75000000       2.71235479E-07
   6.00000000       2.71443128E-07
   6.25000000       2.71618092E-07
   6.50000000       2.71750849E-07
   6.75000000       2.71832420E-07
   7.00000000       2.71882442E-07
   7.25000000       2.71919390E-07
   7.50000000       2.71905890E-07
   7.75000000       2.71796239E-07
   8.00000000       2.71669819E-07
   8.25000000       2.71627954E-07
   8.50000000       2.71493519E-07
   8.75000000       2.71044684E-07
   9.00000000       2.70756317E-07
   9.25000000       2.71447362E-07
   9.50000000       2.72601511E-07
   9.75000000       2.73071606E-07
   10.0000000       2.76622416E-07
   10.2500000       2.96302119E-07
   10.5000000       3.48798267E-07
   10.7500000       4.41394150E-07
   11.0000000       5.65775565E-07
   11.2500000       7.06434435E-07
   11.5000000       8.53797189E-07
   11.7500000       1.00728346E-06
   12.0000000       1.16813510E-06
   12.2500000       1.33492858E-06
   12.5000000       1.50705921E-06
   12.7500000       1.68534496E-06
   13.0000000       1.86145712E-06
   13.2500000       2.00878526E-06
   13.5000000       2.09359837E-06
   13.7500000       2.10096891E-06
   14.0000000       2.04693492E-06
   14.2500000       1.96205883E-06
   14.5000000       1.86566331E-06
   14.7500000       1.75885725E-06
   15.0000000       1.63769062E-06
   15.2500000       1.50375899E-06
   15.5000000       1.35925711E-06
   15.7500000       1.19944070E-06
   16.0000000       1.01855369E-06
   16.2500000       8.20764399E-07
   16.5000000       6.17610510E-07
   16.7500000       4.17417937E-07
   17.0000000       2.23789542E-07
   17.2500000       3.26814984E-08
   17.5000000      -1.90891612E-07
   17.7500000      -5.30084264E-07
   18.0000000      -1.08386882E-06
   18.2500000      -1.90454682E-06
   18.5000000      -2.97085012E-06
   18.7500000      -4.21674440E-06
   19.0000000      -5.57378507E-06
   19.2500000      -6.98916801E-06
   19.5000000      -8.42558893E-06
   19.7500000      -9.86678515E-06
   20.0000000      -1.13196857E-05
   20.2500000      -1.27704225E-05
   20.5000000      -1.41038081E-05
   20.7500000      -1.50895630E-05
   21.0000000      -1.54981026E-05
   21.2500000      -1.52418133E-05
   21.5000000      -1.43940633E-05
   21.7500000      -1.30942044E-05
   22.0000000      -1.14639415E-05
   22.2500000      -9.59315821E-06
   22.5000000      -7.54884695E-06
   22.7500000      -5.36963353E-06
   23.0000000      -3.07675305E-06
   23.2500000      -7.32084061E-07
   23.5000000       1.50756330E-06
   23.7500000       3.42626799E-06
   24.0000000       4.86662611E-06
   24.2500000       5.81218046E-06
   24.5000000       6.35617107E-06
   24.7500000       6.61168133E-06
   25.0000000       6.65973994E-06
   25.2500000       6.55268104E-06
   25.5000000       6.32670253E-06
   25.7500000       6.00242583E-06
   26.0000000       5.59516093E-06
   26.2500000       5.14273370E-06
   26.5000000       4.71769772E-06
   26.7500000       4.39583164E-06
   27.0000000       4.20602919E-06
   27.2500000       4.11403335E-06
   27.5000000       4.05484070E-06
   27.7500000       3.97723943E-06
   28.0000000       3.86148758E-06
   28.2500000       3.70936777E-06
   28.5000000       3.52988081E-06
   28.7500000       3.33297157E-06
   29.0000000       3.12627799E-06
   29.2500000       2.91002630E-06
   29.5000000       2.67470364E-06
   29.7500000       2.40867234E-06
   30.0000000       2.11344582E-06
   30.2500000       1.81157930E-06
   30.5000000       1.53517021E-06
   30.7500000       1.30526348E-06
   31.0000000       1.12375517E-06
   31.2500000       9.81151175E-07
   31.5000000       8.64707772E-07
   31.7500000       7.59752425E-07
   32.0000000       6.52460528E-07
   32.2500000       5.37259041E-07
   32.5000000       4.19044142E-07
   32.7500000       3.04353080E-07
   33.0000000       1.90606059E-07
   33.2500000       6.62483615E-08
   33.5000000      -7.79576581E-08
   33.7500000      -2.39679906E-07
   34.0000000      -4.08307898E-07
   34.2500000      -5.74730279E-07
   34.5000000      -7.33710237E-07
   34.7500000      -8.77948708E-07
   35.0000000      -9.96380095E-07
   35.2500000      -1.08120537E-06
   35.5000000      -1.13243357E-06
   35.7500000      -1.15195735E-06
   36.0000000      -1.13586543E-06
   36.2500000      -1.07721110E-06
   36.5000000      -9.77013315E-07
   36.7500000      -8.49516084E-07
   37.0000000      -7.14394560E-07
   37.2500000      -5.84876716E-07
   37.5000000      -4.64719733E-07
   37.7500000      -3.53856592E-07
   38.0000000      -2.53112717E-07
   38.2500000      -1.65443495E-07
   38.5000000      -9.83021877E-08
   38.7500000      -6.55573160E-08
   39.0000000      -8.20774062E-08
   39.2500000      -1.53121348E-07
   39.5000000      -2.70371714E-07
   39.7500000      -4.18698363E-07
   40.0000000      -5.82129189E-07
   40.2500000      -7.39835684E-07
   40.5000000      -8.62672835E-07
   40.7500000      -9.24574408E-07
   41.0000000      -9.18450098E-07
   41.2500000      -8.52530945E-07
   41.5000000      -7.28826706E-07
   41.7500000      -5.32942749E-07
   42.0000000      -2.49153629E-07
   42.2500000       1.21106183E-07
   42.5000000       5.61181764E-07
   42.7500000       1.05199217E-06
   43.0000000       1.56898977E-06
   43.2500000       2.06432742E-06
   43.5000000       2.46740478E-06
   43.7500000       2.71848353E-06
   44.0000000       2.80180780E-06
   44.2500000       2.74054537E-06
   44.5000000       2.56444332E-06
   44.7500000       2.29010425E-06
   45.0000000       1.92694642E-06
   45.2500000       1.48769948E-06
   45.5000000       9.88233410E-07
   45.7500000       4.47014855E-07
   46.0000000      -1.05258508E-07
   46.2500000      -6.18339755E-07
   46.5000000      -1.03495336E-06
   46.7500000      -1.31578952E-06
   47.0000000      -1.45259537E-06
   47.2500000      -1.46045602E-06
   47.5000000      -1.36278072E-06
   47.7500000      -1.18304774E-06
   48.0000000      -9.43556131E-07
   48.2500000      -6.63835579E-07
   48.5000000      -3.56455615E-07
   48.7500000      -2.64521667E-08
   49.0000000       3.21828907E-07
   49.2500000       6.78023355E-07
   49.5000000       1.02698493E-06
   49.7500000       1.35354026E-06
   50.0000000       1.64414018E-06
   50.2500000       1.88790693E-06
   50.5000000       2.07995231E-06
   50.7500000       2.22351309E-06
   51.0000000       2.32874800E-06
   51.2500000       2.40866098E-06
   51.5000000       2.47115713E-06
   51.7500000       2.51128836E-06
   52.0000000       2.51407550E-06
   52.2500000       2.46804439E-06
   52.5000000       2.37482050E-06
   52.7500000       2.24614701E-06
   53.0000000       2.09586165E-06
   53.2500000       1.93549931E-06
   53.5000000       1.77318407E-06
   53.7500000       1.61311618E-06
   54.0000000       1.45566923E-06
   54.2500000       1.29895898E-06
   54.5000000       1.14224497E-06
   54.7500000       9.89003979E-07
   55.0000000       8.45466047E-07
   55.2500000       7.15121587E-07
   55.5000000       5.96236760E-07
   55.7500000       4.85596672E-07
   56.0000000       3.82530828E-07
   56.2500000       2.88233792E-07
   56.5000000       2.03432975E-07
   56.7500000       1.27864936E-07
   57.0000000       5.99164025E-08
   57.2500000      -4.45624782E-09
   57.5000000      -7.08773484E-08
   57.7500000      -1.43132382E-07
   58.0000000      -2.20754956E-07
   58.2500000      -3.00214566E-07
   58.5000000      -3.78390638E-07
   58.7500000      -4.54986576E-07
   59.0000000      -5.31637340E-07
   59.2500000      -6.09282552E-07
   59.5000000      -6.87871307E-07
   59.7500000      -7.68467771E-07
   60.0000000      -8.52726998E-07
   60.2500000      -9.38944879E-07
   60.5000000      -1.02117349E-06
   60.7500000      -1.09386951E-06
   61.0000000      -1.15541627E-06
   61.2500000      -1.20583911E-06
   61.5000000      -1.24309634E-06
   61.7500000      -1.26369775E-06
   62.0000000      -1.26673797E-06
   62.2500000      -1.25569943E-06
   62.5000000      -1.23475070E-06
   62.7500000      -1.20375228E-06
   63.0000000      -1.15930891E-06
   63.2500000      -1.10093538E-06
   63.5000000      -1.03300204E-06
   63.7500000      -9.59934482E-07
   64.0000000      -8.83552559E-07
   64.2500000      -8.07007325E-07
   64.5000000      -7.37883283E-07
   64.7500000      -6.84426482E-07
   65.0000000      -6.49784113E-07
   65.2500000      -6.31487353E-07
   65.5000000      -6.25381972E-07
   65.7500000      -6.27735517E-07
   66.0000000      -6.32987167E-07
   66.2500000      -6.31980924E-07
   66.5000000      -6.15760825E-07
   66.7500000      -5.81555014E-07
   67.0000000      -5.33089917E-07
   67.2500000      -4.74732502E-07
   67.5000000      -4.07073799E-07
   67.7500000      -3.28343418E-07
   68.0000000      -2.37922691E-07
   68.2500000      -1.37505936E-07
   68.5000000      -3.07690406E-08
   68.7500000       7.58947110E-08
   69.0000000       1.72598916E-07
   69.2500000       2.48120358E-07
   69.5000000       2.94683844E-07
   69.7500000       3.11314238E-07
   70.0000000       3.02683191E-07
   70.2500000       2.74884826E-07
   70.5000000       2.32476594E-07
   70.7500000       1.79051199E-07
   71.0000000       1.18748474E-07
   71.2500000       5.51538228E-08
   71.5000000      -1.10308882E-08
   71.7500000      -8.12443943E-08
   72.0000000      -1.55499905E-07
   72.2500000      -2.30777829E-07
   72.5000000      -3.03218087E-07
   72.7500000      -3.70774586E-07
   73.0000000      -4.33180929E-07
   73.2500000      -4.90133857E-07
   73.5000000      -5.40876329E-07
   73.7500000      -5.86127385E-07
   74.0000000      -6.28883868E-07
   74.2500000      -6.70847385E-07
   74.5000000      -7.08118819E-07
   74.7500000      -7.32945068E-07
   75.0000000      -7.40441465E-07
   75.2500000      -7.31901252E-07
   75.5000000      -7.11563132E-07
   75.7500000      -6.82632901E-07
   76.0000000      -6.47204672E-07
   76.2500000      -6.07766879E-07
   76.5000000      -5.66769131E-07
   76.7500000      -5.25039241E-07
   77.0000000      -4.82065616E-07
   77.2500000      -4.38562466E-07
   77.5000000      -3.98028817E-07
   77.7500000      -3.64541421E-07
   78.0000000      -3.39032511E-07
   78.2500000      -3.18753052E-07
   78.5000000      -3.00228777E-07
   78.7500000      -2.81455129E-07
   79.0000000      -2.61342279E-07
   79.2500000      -2.38823418E-07
   79.5000000      -2.13240412E-07
   79.7500000      -1.84532894E-07
   80.0000000      -1.52353053E-07
   80.2500000      -1.15546399E-07
   80.5000000      -7.30583309E-08
   80.7500000      -2.53735610E-08
   81.0000000       2.50085144E-08
   81.2500000       7.46673976E-08
   81.5000000       1.21015759E-07
   81.7500000       1.63052405E-07
   82.0000000       2.00750563E-07
   82.2500000       2.34315706E-07
   82.5000000       2.63799194E-07
   82.7500000       2.88439509E-07
   83.0000000       3.06267708E-07
   83.2500000       3.15183939E-07
   83.5000000       3.14692329E-07
   83.7500000       3.06226724E-07
   84.0000000       2.91890473E-07
   84.2500000       2.73262515E-07
   84.5000000       2.51221906E-07
   84.7500000       2.26353166E-07
   85.0000000       1.99165484E-07
   85.2500000       1.69998529E-07
   85.5000000       1.39299459E-07
   85.7500000       1.08529115E-07
   86.0000000       8.02813176E-08
   86.2500000       5.64349243E-08
   86.5000000       3.62281725E-08
   86.7500000       1.70918923E-08
   87.0000000      -2.54236254E-09
   87.2500000      -2.19422169E-08
   87.5000000      -3.93898070E-08
   87.7500000      -5.39284102E-08
   88.0000000      -6.57365007E-08
   88.2500000      -7.56240510E-08
   88.5000000      -8.49627924E-08
   88.7500000      -9.61212834E-08
   89.0000000      -1.11924180E-07
   89.2500000      -1.33389776E-07
   89.5000000      -1.57962518E-07
   89.7500000      -1.81018351E-07
   90.0000000      -1.99478436E-07
   90.2500000      -2.13560540E-07
   90.5000000      -2.25338340E-07
   90.7500000      -2.36441977E-07
   91.0000000      -2.47013872E-07
   91.2500000      -2.55830940E-07
   91.5000000      -2.60699409E-07
   91.7500000      -2.58874138E-07
   92.0000000      -2.47984161E-07
   92.2500000      -2.27586355E-07
   92.5000000      -2.00022583E-07
   92.7500000      -1.69169383E-07
   93.0000000      -1.37977949E-07
   93.2500000      -1.07147997E-07
   93.5000000      -7.56566720E-08
   93.7500000      -4.18970316E-08
   94.0000000      -4.45115500E-09
   94.2500000       3.74044546E-08
   94.5000000       8.32426181E-08
   94.7500000       1.31422297E-07
   95.0000000       1.79847390E-07
   95.2500000       2.27206314E-07
   95.5000000       2.73649363E-07
   95.7500000       3.20307635E-07
   96.0000000       3.68125541E-07
   96.2500000       4.16763726E-07
   96.5000000       4.63943337E-07
   96.7500000       5.05536093E-07
   97.0000000       5.36680659E-07
   97.2500000       5.53546954E-07
   97.5000000       5.54742996E-07
   97.7500000       5.41493307E-07
   98.0000000       5.16559282E-07
   98.2500000       4.82731309E-07
   98.5000000       4.41850972E-07
   98.7500000       3.94754323E-07
   99.0000000       3.42068859E-07
   99.2500000       2.85495361E-07
   99.5000000       2.28585321E-07
   99.7500000       1.76048104E-07
   100.000000       1.31978410E-07
   100.250000       9.84772726E-08
   100.500000       7.55161196E-08
   100.750000       6.16689277E-08
   101.000000       5.49811858E-08
   101.250000       5.35878115E-08
   101.500000       5.60221913E-08
   101.750000       6.12068618E-08
   102.000000       6.80190411E-08
   102.250000       7.46023758E-08
   102.500000       7.82273943E-08
   102.750000       7.62993366E-08
   103.000000       6.77803698E-08
   103.250000       5.36235270E-08
   103.500000       3.58893928E-08
   103.750000       1.65319882E-08
   104.000000      -3.20716942E-09
   104.250000      -2.27461570E-08
   104.500000      -4.18429629E-08
   104.750000      -6.02207990E-08
   105.000000      -7.71681954E-08
   105.250000      -9.12548899E-08
   105.500000      -1.00498944E-07
   105.750000      -1.03194786E-07
   106.000000      -9.89677318E-08
   106.250000      -8.91044607E-08
   106.500000      -7.57365726E-08
   106.750000      -6.06228312E-08
   107.000000      -4.45986110E-08
   107.250000      -2.78642620E-08
   107.500000      -1.04807860E-08
   107.750000       7.35789518E-09
   108.000000       2.51681680E-08
   108.250000       4.20132125E-08
   108.500000       5.65385392E-08
   108.750000       6.74455620E-08
   109.000000       7.42073496E-08
   109.250000       7.73757804E-08
   109.500000       7.80496165E-08
   109.750000       7.69657618E-08
   110.000000       7.41372261E-08
   110.250000       6.92755862E-08
   110.500000       6.23388203E-08
   110.750000       5.36338405E-08
   111.000000       4.36332037E-08
   111.250000       3.29205925E-08
   111.500000       2.22978684E-08
   111.750000       1.27308564E-08
   112.000000       4.95464514E-09
   112.250000      -9.23023435E-10
   112.500000      -5.27665334E-09
   112.750000      -8.33441405E-09
   113.000000      -9.81171500E-09
   113.250000      -9.24789756E-09
   113.500000      -6.58540777E-09
   113.750000      -2.31495489E-09
   114.000000       2.84558288E-09
   114.250000       8.26486080E-09
   114.500000       1.34449287E-08
   114.750000       1.80152906E-08
   115.000000       2.18906919E-08
   115.250000       2.53401566E-08
   115.500000       2.86221731E-08
   115.750000       3.14478470E-08
   116.000000       3.28953895E-08
   116.250000       3.18847100E-08
   116.500000       2.77202155E-08
   116.750000       2.03118802E-08
   117.000000       1.00911821E-08
   117.250000      -2.21991403E-09
   117.500000      -1.58965268E-08
   117.750000      -3.05216084E-08
   118.000000      -4.62021958E-08
   118.250000      -6.34181276E-08
   118.500000      -8.24056841E-08
   118.750000      -1.02501275E-07
   119.000000      -1.22006441E-07
   119.250000      -1.38627669E-07
   119.500000      -1.50152715E-07
   119.750000      -1.55106335E-07
   120.000000      -1.53175819E-07
   120.250000      -1.45168102E-07
   120.500000      -1.32511218E-07
   120.750000      -1.16615091E-07
   121.000000      -9.84143824E-08
   121.250000      -7.82820351E-08
   121.500000      -5.63621612E-08
   121.750000      -3.31330838E-08
   122.000000      -9.79236781E-09
   122.250000       1.18635777E-08
   122.500000       3.00123801E-08
   122.750000       4.34352145E-08
   123.000000       5.18075041E-08
   123.250000       5.55664244E-08
   123.500000       5.55666304E-08
   123.750000       5.27707158E-08
   124.000000       4.80664504E-08
   124.250000       4.21587067E-08
   124.500000       3.55053693E-08
   124.750000       2.83844592E-08
   125.000000       2.10643680E-08
   125.250000       1.37958285E-08
   125.500000       6.64574618E-09
   125.750000      -2.57800642E-10
   126.000000      -6.15999740E-09
   126.250000      -1.00667412E-08
   126.500000      -1.20599681E-08
   126.750000      -1.29580151E-08
   127.000000      -1.21247874E-08
   127.250000      -8.36979019E-09
   127.500000      -3.49683149E-09
   127.750000      -6.42878750E-10
