-8.301362868223804981e-07
-1.838510570451035164e-06
-1.805429064916097559e-06
-1.739333470140991267e-06
-1.248060357283975463e-06
-6.428971914829162415e-07
1.640793527712958166e-07
9.494973483015201055e-07
1.708116201371012721e-06
2.329305516468593851e-06
2.780200702545698732e-06
3.018481947947293520e-06
3.031538881259621121e-06
2.857854497051448561e-06
2.494043201295426115e-06
1.995313823499600403e-06
1.378728939016582444e-06
7.328508218051865697e-07
8.597563549983533449e-08
-4.912807298751431517e-07
-9.742171869220328517e-07
-1.291153921556542628e-06
-1.400105361426540185e-06
-1.236037292073888239e-06
-7.906865562290477101e-07
-1.032454406413307879e-07
7.485152195840782952e-07
1.661805526964599267e-06
2.510397735022706911e-06
3.151857981720240787e-06
3.462561608102987520e-06
3.382605200386024080e-06
2.930275741164223291e-06
2.179583589168032631e-06
1.240245410372153856e-06
2.628182187436323147e-07
-5.651974674947268795e-07
-1.065223614205024205e-06
-1.131537601395393722e-06
-7.666395731575903483e-07
-7.601958884606574429e-08
7.650155566807370633e-07
1.566439891576010268e-06
2.178221848225803114e-06
2.509729029043228365e-06
2.523290277167689055e-06
2.236726004412048496e-06
1.721660964904003777e-06
1.066476784217229579e-06
3.331925313432293478e-07
-4.373638660126744071e-07
-1.179807213702588342e-06
-1.781790729182830546e-06
-2.121131046806112863e-06
-2.127524112438550219e-06
-1.815070959310105536e-06
-1.274235387427324895e-06
-6.368297817971324548e-07
-3.003581028337976022e-08
4.483247266762191430e-07
7.227446303659235127e-07
7.379365456472442020e-07
4.773979753736057319e-07
-2.139560351110958436e-08
-6.660553708570660092e-07
-1.325053403888887260e-06
-1.863866827989113517e-06
-2.179958755732513964e-06
-2.212454774053185247e-06
-1.937634124260512181e-06
-1.376783870910003316e-06
-6.213484766703913920e-07
1.508018954154977109e-07
7.070505603223864455e-07
8.428179967268079054e-07
4.564797109196661040e-07
-4.418965318109258078e-07
-1.774687234501470812e-06
-3.434244035815936513e-06
-5.286946361593436450e-06
-7.174133315857034177e-06
-8.941146006691269577e-06
-1.046734178089536726e-05
-1.164294826594414189e-05
-1.231756141351070255e-05
-1.232046724908286706e-05
-1.156641610577935353e-05
-1.013500059343641624e-05
-8.250854989455547184e-06
-6.196529739099787548e-06
-4.217356490698875859e-06
-2.476320560163003393e-06
-1.082838252841611393e-06
-1.209839126659062458e-07
4.002910429790063063e-07
6.072694418435276020e-07
7.190223527686612215e-07
9.333979846815054771e-07
1.352950448563206010e-06
1.982373532882775180e-06
2.765593080766848288e-06
3.634065933511010371e-06
4.536558208201313391e-06
5.432637863123090938e-06
6.266578111535636708e-06
6.951386694709071890e-06
7.382845979009289294e-06
7.472915967809967697e-06
7.159801953093847260e-06
6.392589966708328575e-06
5.153807705937651917e-06
3.531831225700443611e-06
1.752237039909232408e-06
1.068257020619967079e-07
-1.153458356384362560e-06
-1.871667905106733087e-06
-1.997315166590851732e-06
-1.596659672031819355e-06
-8.220968084060586989e-07
1.654350825219808030e-07
1.236160187545465305e-06
2.265023340441985056e-06
3.106309577560750768e-06
3.613231683630147018e-06
3.686286845550057478e-06
3.319139977975282818e-06
2.611053560030995868e-06
1.726330765450256877e-06
8.310993848681391682e-07
6.125310392235405743e-08
-4.769355541611730587e-07
-7.030457140899670776e-07
-5.520182639884296805e-07
4.302246381371332973e-08
1.123252332035917789e-06
2.619903852973948233e-06
4.306622940930537879e-06
5.858785698364954442e-06
6.978371857258025557e-06
7.505601388402283192e-06
7.452195859514176846e-06
6.936864338058512658e-06
6.099580787122249603e-06
5.085528300696751103e-06
4.063618689542636275e-06
3.178920678692520596e-06
2.467521426297025755e-06
1.866026536845311057e-06
1.317790975008392707e-06
8.348152960024890490e-07
4.636486892195534892e-07
2.477701457337389002e-07
2.289359457563477918e-07
4.213762565541401273e-07
7.666870942557579838e-07
1.162159719569899607e-06
1.534543685011158232e-06
1.853473008850414772e-06
2.098677214235067368e-06
2.246643816761206836e-06
2.265695002279244363e-06
2.108317403326509520e-06
1.733829662953212392e-06
1.153667767539445776e-06
4.437846712335158372e-07
-2.916118262419331586e-07
-9.604466413293266669e-07
-1.488923999204416759e-06
-1.809579998734989204e-06
-1.869684979283192661e-06
-1.655026153457583860e-06
-1.195425170408270787e-06
-5.576126227424538229e-07
1.477027922192064580e-07
7.651760824955999851e-07
1.138434527092613280e-06
1.172803763438423630e-06
8.665680297781364061e-07
3.091451503678399604e-07
-3.470604781341535272e-07
-9.650833590058027767e-07
-1.464410502194368746e-06
-1.826852894737385213e-06
-2.038880893451278098e-06
-2.083680783471208997e-06
-1.943402594406506978e-06
-1.622741478968237061e-06
-1.149815147982735652e-06
-5.667305345014028717e-07
7.850191963143515750e-08
7.553131808890611865e-07
1.404829276907548774e-06
1.969350705621764064e-06
2.337287696718703955e-06
2.462196107444469817e-06
2.298286744917277247e-06
1.942691142176045105e-06
1.436800857845810242e-06
9.292662639381887857e-07
3.592984114675346063e-07
-2.869628623614062235e-08
