   0.00000000      -8.93112315E-07
  0.250000000      -8.99083659E-07
  0.500000000      -9.04974797E-07
  0.750000000      -9.10785900E-07
   1.00000000      -9.16516967E-07
   1.25000000      -9.22161632E-07
   1.50000000      -9.27720237E-07
   1.75000000      -9.33194315E-07
   2.00000000      -9.38575909E-07
   2.25000000      -9.43866894E-07
   2.50000000      -9.49067271E-07
   2.75000000      -9.54172265E-07
   3.00000000      -9.59180284E-07
   3.25000000      -9.64089850E-07
   3.50000000      -9.68907671E-07
   3.75000000      -9.73626697E-07
   4.00000000      -9.78241474E-07
   4.25000000      -9.82759730E-07
   4.50000000      -9.87175326E-07
   4.75000000      -9.91481556E-07
   5.00000000      -9.95678874E-07
   5.25000000      -9.99773647E-07
   5.50000000      -1.00375928E-06
   5.75000000      -1.00762975E-06
   6.00000000      -1.01139483E-06
   6.25000000      -1.01504816E-06
   6.50000000      -1.01857961E-06
   6.75000000      -1.02199238E-06
   7.00000000      -1.02530112E-06
   7.25000000      -1.02851175E-06
   7.50000000      -1.03156935E-06
   7.75000000      -1.03446689E-06
   8.00000000      -1.03732623E-06
   8.25000000      -1.04013418E-06
   8.50000000      -1.04264041E-06
   8.75000000      -1.04485468E-06
   9.00000000      -1.04765820E-06
   9.25000000      -1.05248762E-06
   9.50000000      -1.06026073E-06
   9.75000000      -1.07097264E-06
   10.0000000      -1.08422626E-06
   10.2500000      -1.09962787E-06
   10.5000000      -1.11633062E-06
   10.7500000      -1.13218584E-06
   11.0000000      -1.14328975E-06
   11.2500000      -1.14427280E-06
   11.5000000      -1.12876876E-06
   11.7500000      -1.08889390E-06
   12.0000000      -1.01461183E-06
   12.2500000      -8.95149412E-07
   12.5000000      -7.21734466E-07
   12.7500000      -4.88714250E-07
   13.0000000      -1.92606990E-07
   13.2500000       1.68517687E-07
   13.5000000       5.94181529E-07
   13.7500000       1.08025984E-06
   14.0000000       1.61838545E-06
   14.2500000       2.19621825E-06
   14.5000000       2.79811775E-06
   14.7500000       3.40570818E-06
   15.0000000       3.99874034E-06
   15.2500000       4.55699092E-06
   15.5000000       5.06257356E-06
   15.7500000       5.50113964E-06
   16.0000000       5.86171655E-06
   16.2500000       6.13642578E-06
   16.5000000       6.32082219E-06
   16.7500000       6.41424913E-06
   17.0000000       6.41976476E-06
   17.2500000       6.34376784E-06
   17.5000000       6.19547382E-06
   17.7500000       5.98611177E-06
   18.0000000       5.72791396E-06
   18.2500000       5.43316719E-06
   18.5000000       5.11347253E-06
   18.7500000       4.77921458E-06
   19.0000000       4.43922636E-06
   19.2500000       4.10068287E-06
   19.5000000       3.76920252E-06
   19.7500000       3.44900059E-06
   20.0000000       3.14303679E-06
   20.2500000       2.85319175E-06
   20.5000000       2.58051296E-06
   20.7500000       2.32541879E-06
   21.0000000       2.08783626E-06
   21.2500000       1.86728766E-06
   21.5000000       1.66295422E-06
   21.7500000       1.47377705E-06
   22.0000000       1.29849070E-06
   22.2500000       1.13564818E-06
   22.5000000       9.83729819E-07
   22.7500000       8.41288625E-07
   23.0000000       7.07063464E-07
   23.2500000       5.80150072E-07
   23.5000000       4.60178228E-07
   23.7500000       3.47357428E-07
   24.0000000       2.42410664E-07
   24.2500000       1.46474122E-07
   24.5000000       6.09603745E-08
   24.7500000      -1.25373143E-08
   25.0000000      -7.22808196E-08
   25.2500000      -1.16492735E-07
   25.5000000      -1.43503215E-07
   25.7500000      -1.51956542E-07
   26.0000000      -1.41093253E-07
   26.2500000      -1.11041160E-07
   26.5000000      -6.30099350E-08
   26.7500000       6.87400581E-10
   27.0000000       7.67488402E-08
   27.2500000       1.61146133E-07
   27.5000000       2.49534537E-07
   27.7500000       3.37583913E-07
   28.0000000       4.21183188E-07
   28.2500000       4.96624068E-07
   28.5000000       5.60760554E-07
   28.7500000       6.11126040E-07
   29.0000000       6.46037961E-07
   29.2500000       6.64642073E-07
   29.5000000       6.66972539E-07
   29.7500000       6.53936809E-07
   30.0000000       6.27144118E-07
   30.2500000       5.88679995E-07
   30.5000000       5.40891676E-07
   30.7500000       4.86193471E-07
   31.0000000       4.26860680E-07
   31.2500000       3.64924574E-07
   31.5000000       3.02082384E-07
   31.7500000       2.39722624E-07
   32.0000000       1.78937341E-07
   32.2500000       1.20508460E-07
   32.5000000       6.49883418E-08
   32.7500000       1.27551560E-08
   33.0000000      -3.59599674E-08
   33.2500000      -8.10515601E-08
   33.5000000      -1.22509533E-07
   33.7500000      -1.60401072E-07
   34.0000000      -1.94844631E-07
   34.2500000      -2.26062099E-07
   34.5000000      -2.54351534E-07
   34.7500000      -2.80091598E-07
   35.0000000      -3.03725443E-07
   35.2500000      -3.25726148E-07
   35.5000000      -3.46594788E-07
   35.7500000      -3.66796854E-07
   36.0000000      -3.86780954E-07
   36.2500000      -4.06950647E-07
   36.5000000      -4.27650917E-07
   36.7500000      -4.49166180E-07
   37.0000000      -4.71673161E-07
   37.2500000      -4.95193319E-07
   37.5000000      -5.19595517E-07
   37.7500000      -5.44612135E-07
   38.0000000      -5.69860447E-07
   38.2500000      -5.94910659E-07
   38.5000000      -6.19318769E-07
   38.7500000      -6.42647365E-07
   39.0000000      -6.64504114E-07
   39.2500000      -6.84574104E-07
   39.5000000      -7.02619730E-07
   39.7500000      -7.18462843E-07
   40.0000000      -7.32002661E-07
   40.2500000      -7.43223779E-07
   40.5000000      -7.52156097E-07
   40.7500000      -7.58878969E-07
   41.0000000      -7.63490220E-07
   41.2500000      -7.66062499E-07
   41.5000000      -7.66652647E-07
   41.7500000      -7.65299035E-07
   42.0000000      -7.62024229E-07
   42.2500000      -7.56852103E-07
   42.5000000      -7.49810852E-07
   42.7500000      -7.40929295E-07
   43.0000000      -7.30252339E-07
   43.2500000      -7.17851663E-07
   43.5000000      -7.03833052E-07
   43.7500000      -6.88342254E-07
   44.0000000      -6.71577482E-07
   44.2500000      -6.53771735E-07
   44.5000000      -6.35173762E-07
   44.7500000      -6.16027251E-07
   45.0000000      -5.96561449E-07
   45.2500000      -5.76987247E-07
   45.5000000      -5.57464602E-07
   45.7500000      -5.38102825E-07
   46.0000000      -5.18981494E-07
   46.2500000      -5.00150804E-07
   46.5000000      -4.81624170E-07
   46.7500000      -4.63392894E-07
   47.0000000      -4.45429180E-07
   47.2500000      -4.27710546E-07
   47.5000000      -4.10222611E-07
   47.7500000      -3.92978649E-07
   48.0000000      -3.76108630E-07
   48.2500000      -3.59977577E-07
   48.5000000      -3.45297707E-07
   48.7500000      -3.33197903E-07
   49.0000000      -3.25237551E-07
   49.2500000      -3.23317096E-07
   49.5000000      -3.29527381E-07
   49.7500000      -3.45974257E-07
   50.0000000      -3.74595629E-07
   50.2500000      -4.17056071E-07
   50.5000000      -4.74660766E-07
   50.7500000      -5.48242383E-07
   51.0000000      -6.38042593E-07
   51.2500000      -7.43546707E-07
   51.5000000      -8.63301807E-07
   51.7500000      -9.94813036E-07
   52.0000000      -1.13457861E-06
   52.2500000      -1.27827923E-06
   52.5000000      -1.42111935E-06
   52.7500000      -1.55823261E-06
   53.0000000      -1.68503004E-06
   53.2500000      -1.79745120E-06
   53.5000000      -1.89213563E-06
   53.7500000      -1.96653855E-06
   54.0000000      -2.01897342E-06
   54.2500000      -2.04863818E-06
   54.5000000      -2.05566357E-06
   54.7500000      -2.04109824E-06
   55.0000000      -2.00679301E-06
   55.2500000      -1.95523285E-06
   55.5000000      -1.88933086E-06
   55.7500000      -1.81217285E-06
   56.0000000      -1.72677403E-06
   56.2500000      -1.63593450E-06
   56.5000000      -1.54213888E-06
   56.7500000      -1.44748537E-06
   57.0000000      -1.35366849E-06
   57.2500000      -1.26200746E-06
   57.5000000      -1.17348873E-06
   57.7500000      -1.08879703E-06
   58.0000000      -1.00836724E-06
   58.2500000      -9.32448813E-07
   58.5000000      -8.61136527E-07
   58.7500000      -7.94380298E-07
   59.0000000      -7.32018464E-07
   59.2500000      -6.73789259E-07
   59.5000000      -6.19321497E-07
   59.7500000      -5.68156281E-07
   60.0000000      -5.19769799E-07
   60.2500000      -4.73587562E-07
   60.5000000      -4.29051568E-07
   60.7500000      -3.85687429E-07
   61.0000000      -3.43141068E-07
   61.2500000      -3.01221860E-07
   61.5000000      -2.59912440E-07
   61.7500000      -2.19367450E-07
   62.0000000      -1.79873155E-07
   62.2500000      -1.41853590E-07
   62.5000000      -1.05904384E-07
   62.7500000      -7.27338261E-08
   63.0000000      -4.31115410E-08
   63.2500000      -1.78475865E-08
   63.5000000       2.28872832E-09
   63.7500000       1.66962622E-08
   64.0000000       2.50512038E-08
   64.2500000       2.73849761E-08
   64.5000000       2.40638975E-08
   64.7500000       1.57392712E-08
   65.0000000       3.29551342E-09
   65.2500000      -1.22397408E-08
   65.5000000      -2.97505540E-08
   65.7500000      -4.80959450E-08
   66.0000000      -6.61571846E-08
   66.2500000      -8.28657463E-08
   66.5000000      -9.72722205E-08
   66.7500000      -1.08609932E-07
   67.0000000      -1.16340445E-07
   67.2500000      -1.20174548E-07
   67.5000000      -1.20065138E-07
   67.7500000      -1.16190222E-07
   68.0000000      -1.08888507E-07
   68.2500000      -9.85997417E-08
   68.5000000      -8.58223856E-08
   68.7500000      -7.10735932E-08
   69.0000000      -5.48482575E-08
   69.2500000      -3.75944147E-08
   69.5000000      -1.97176906E-08
   69.7500000      -1.57711166E-09
   70.0000000       1.65118905E-08
   70.2500000       3.42876945E-08
   70.5000000       5.15434344E-08
   70.7500000       6.81057344E-08
   71.0000000       8.38419538E-08
   71.2500000       9.86510784E-08
   71.5000000       1.12472954E-07
   71.7500000       1.25286306E-07
   72.0000000       1.37110945E-07
   72.2500000       1.48017321E-07
   72.5000000       1.58116293E-07
   72.7500000       1.67547554E-07
   73.0000000       1.76461313E-07
   73.2500000       1.85028426E-07
   73.5000000       1.93435625E-07
   73.7500000       2.01865035E-07
   74.0000000       2.10487485E-07
   74.2500000       2.19470692E-07
   74.5000000       2.28951762E-07
   74.7500000       2.39019869E-07
   75.0000000       2.49697450E-07
   75.2500000       2.60939913E-07
   75.5000000       2.72639767E-07
   75.7500000       2.84632506E-07
   76.0000000       2.96736772E-07
   76.2500000       3.08766090E-07
   76.5000000       3.20532195E-07
   76.7500000       3.31852959E-07
   77.0000000       3.42557797E-07
   77.2500000       3.52498546E-07
   77.5000000       3.61557682E-07
   77.7500000       3.69649655E-07
   78.0000000       3.76730469E-07
   78.2500000       3.82786595E-07
   78.5000000       3.87823917E-07
   78.7500000       3.91871623E-07
   79.0000000       3.94968168E-07
   79.2500000       3.97153485E-07
   79.5000000       3.98470007E-07
   79.7500000       3.98962300E-07
   80.0000000       3.98675269E-07
   80.2500000       3.97653707E-07
   80.5000000       3.95936183E-07
   80.7500000       3.93562743E-07
   81.0000000       3.90592277E-07
   81.2500000       3.87092342E-07
   81.5000000       3.83127258E-07
   81.7500000       3.78761371E-07
   82.0000000       3.74075142E-07
   82.2500000       3.69159693E-07
   82.5000000       3.64092386E-07
   82.7500000       3.58934557E-07
   83.0000000       3.53733384E-07
   83.2500000       3.48525390E-07
   83.5000000       3.43331891E-07
   83.7500000       3.38156411E-07
   84.0000000       3.32995285E-07
   84.2500000       3.27834016E-07
   84.5000000       3.22645150E-07
   84.7500000       3.17403106E-07
   85.0000000       3.12086456E-07
   85.2500000       3.06674622E-07
   85.5000000       3.01163993E-07
   85.7500000       2.95590581E-07
   86.0000000       2.90054004E-07
   86.2500000       2.84736757E-07
   86.5000000       2.79905521E-07
   86.7500000       2.75904995E-07
   87.0000000       2.73144877E-07
   87.2500000       2.72062579E-07
   87.5000000       2.73080758E-07
   87.7500000       2.76576458E-07
   88.0000000       2.82864903E-07
   88.2500000       2.92184097E-07
   88.5000000       3.04671289E-07
   88.7500000       3.20330656E-07
   89.0000000       3.39000252E-07
   89.2500000       3.60331967E-07
   89.5000000       3.83773880E-07
   89.7500000       4.08582451E-07
   90.0000000       4.33886015E-07
   90.2500000       4.58758393E-07
   90.5000000       4.82284520E-07
   90.7500000       5.03619844E-07
   91.0000000       5.22033815E-07
   91.2500000       5.36930656E-07
   91.5000000       5.47871593E-07
   91.7500000       5.54590713E-07
   92.0000000       5.56989846E-07
   92.2500000       5.55140844E-07
   92.5000000       5.49285744E-07
   92.7500000       5.39810458E-07
   93.0000000       5.27208442E-07
   93.2500000       5.12032614E-07
   93.5000000       4.94843732E-07
   93.7500000       4.76176240E-07
   94.0000000       4.56515181E-07
   94.2500000       4.36273069E-07
   94.5000000       4.15771581E-07
   94.7500000       3.95243404E-07
   95.0000000       3.74852050E-07
   95.2500000       3.54704071E-07
   95.5000000       3.34849346E-07
   95.7500000       3.15298678E-07
   96.0000000       2.96049677E-07
   96.2500000       2.77087281E-07
   96.5000000       2.58376872E-07
   96.7500000       2.39881501E-07
   97.0000000       2.21579484E-07
   97.2500000       2.03464381E-07
   97.5000000       1.85536251E-07
   97.7500000       1.67805524E-07
   98.0000000       1.50299115E-07
   98.2500000       1.33060126E-07
   98.5000000       1.16148243E-07
   98.7500000       9.96337235E-08
   99.0000000       8.36002343E-08
   99.2500000       6.81461074E-08
   99.5000000       5.33783933E-08
   99.7500000       3.94092616E-08
   100.000000       2.63586433E-08
   100.250000       1.43568153E-08
   100.500000       3.53757335E-09
   100.750000      -5.95991745E-09
   101.000000      -1.39956349E-08
   101.250000      -2.04559303E-08
   101.500000      -2.52763463E-08
   101.750000      -2.84486923E-08
   102.000000      -3.00260332E-08
   102.250000      -3.01227203E-08
   102.500000      -2.89061610E-08
   102.750000      -2.65837574E-08
   103.000000      -2.33906441E-08
   103.250000      -1.95817389E-08
   103.500000      -1.54248774E-08
   103.750000      -1.11930012E-08
   104.000000      -7.14907333E-09
   104.250000      -3.53233709E-09
   104.500000      -5.42067502E-10
   104.750000       1.67381031E-09
   105.000000       3.01508130E-09
   105.250000       3.43462969E-09
   105.500000       2.94383828E-09
   105.750000       1.59663016E-09
   106.000000      -5.34041755E-10
   106.250000      -3.36369999E-09
   106.500000      -6.79409951E-09
   106.750000      -1.07285283E-08
   107.000000      -1.50748818E-08
   107.250000      -1.97431991E-08
   107.500000      -2.46550709E-08
   107.750000      -2.97407379E-08
   108.000000      -3.49360896E-08
   108.250000      -4.01858493E-08
   108.500000      -4.54423166E-08
   108.750000      -5.06626847E-08
   109.000000      -5.58110003E-08
   109.250000      -6.08574524E-08
   109.500000      -6.57774990E-08
   109.750000      -7.05505414E-08
   110.000000      -7.51617080E-08
   110.250000      -7.95959636E-08
   110.500000      -8.38417620E-08
   110.750000      -8.79009718E-08
   111.000000      -9.17819136E-08
   111.250000      -9.54980592E-08
   111.500000      -9.90697089E-08
   111.750000      -1.02525412E-07
   112.000000      -1.05902210E-07
   112.250000      -1.09235970E-07
   112.500000      -1.12551341E-07
   112.750000      -1.15857247E-07
   113.000000      -1.19153952E-07
   113.250000      -1.22436617E-07
   113.500000      -1.25692011E-07
   113.750000      -1.28896716E-07
   114.000000      -1.32019011E-07
   114.250000      -1.35021352E-07
   114.500000      -1.37864987E-07
   114.750000      -1.40512157E-07
   115.000000      -1.42924762E-07
   115.250000      -1.45066466E-07
   115.500000      -1.46907027E-07
   115.750000      -1.48425912E-07
   116.000000      -1.49610102E-07
   116.250000      -1.50453786E-07
   116.500000      -1.50958982E-07
   116.750000      -1.51131474E-07
   117.000000      -1.50980412E-07
   117.250000      -1.50514765E-07
   117.500000      -1.49742419E-07
   117.750000      -1.48674545E-07
   118.000000      -1.47326901E-07
   118.250000      -1.45715845E-07
   118.500000      -1.43854422E-07
   118.750000      -1.41756232E-07
   119.000000      -1.39437958E-07
   119.250000      -1.36916171E-07
   119.500000      -1.34206843E-07
   119.750000      -1.31327468E-07
   120.000000      -1.28293394E-07
   120.250000      -1.25116514E-07
   120.500000      -1.21808057E-07
   120.750000      -1.18378075E-07
   121.000000      -1.14831138E-07
   121.250000      -1.11163281E-07
   121.500000      -1.07364919E-07
   121.750000      -1.03428171E-07
   122.000000      -9.93483980E-08
   122.250000      -9.51180184E-08
   122.500000      -9.07246331E-08
   122.750000      -8.61555662E-08
   123.000000      -8.14013674E-08
   123.250000      -7.64583703E-08
   123.500000      -7.13354211E-08
   123.750000      -6.60572113E-08
   124.000000      -6.06552177E-08
   124.250000      -5.51728938E-08
   124.500000      -4.96966237E-08
   124.750000      -4.43359767E-08
   125.000000      -3.91353794E-08
   125.250000      -3.41013333E-08
   125.500000      -2.93841715E-08
   125.750000      -2.51994212E-08
   126.000000      -2.14064926E-08
   126.250000      -1.76682953E-08
   126.500000      -1.43705741E-08
   126.750000      -1.22620349E-08
   127.000000      -1.04413242E-08
   127.250000      -7.08718639E-09
   127.500000      -2.98412117E-09
   127.750000      -5.55123614E-10
