   0.00000000       1.21724298E-07
  0.250000000       1.22323797E-07
  0.500000000       1.22908318E-07
  0.750000000       1.23478472E-07
   1.00000000       1.24034457E-07
   1.25000000       1.24575919E-07
   1.50000000       1.25102602E-07
   1.75000000       1.25613383E-07
   2.00000000       1.26109057E-07
   2.25000000       1.26590010E-07
   2.50000000       1.27054619E-07
   2.75000000       1.27503341E-07
   3.00000000       1.27937369E-07
   3.25000000       1.28355907E-07
   3.50000000       1.28757435E-07
   3.75000000       1.29142322E-07
   4.00000000       1.29510155E-07
   4.25000000       1.29861348E-07
   4.50000000       1.30195488E-07
   4.75000000       1.30512632E-07
   5.00000000       1.30813135E-07
   5.25000000       1.31096300E-07
   5.50000000       1.31362057E-07
   5.75000000       1.31608715E-07
   6.00000000       1.31837751E-07
   6.25000000       1.32051923E-07
   6.50000000       1.32245717E-07
   6.75000000       1.32415920E-07
   7.00000000       1.32572325E-07
   7.25000000       1.32721112E-07
   7.50000000       1.32843752E-07
   7.75000000       1.32925067E-07
   8.00000000       1.33004633E-07
   8.25000000       1.33115066E-07
   8.50000000       1.33165244E-07
   8.75000000       1.33085393E-07
   9.00000000       1.33142365E-07
   9.25000000       1.33737728E-07
   9.50000000       1.34689884E-07
   9.75000000       1.35483319E-07
   10.0000000       1.37324747E-07
   10.2500000       1.44731175E-07
   10.5000000       1.63512851E-07
   10.7500000       1.96135986E-07
   11.0000000       2.39551895E-07
   11.2500000       2.88263408E-07
   11.5000000       3.38983057E-07
   11.7500000       3.91516437E-07
   12.0000000       4.46076712E-07
   12.2500000       5.01997306E-07
   12.5000000       5.59480043E-07
   12.7500000       6.19807736E-07
   13.0000000       6.80944368E-07
   13.2500000       7.33698641E-07
   13.5000000       7.65760831E-07
   13.7500000       7.71465352E-07
   14.0000000       7.56467273E-07
   14.2500000       7.31751413E-07
   14.5000000       7.04192587E-07
   14.7500000       6.74117700E-07
   15.0000000       6.40187579E-07
   15.2500000       6.02881755E-07
   15.5000000       5.62100809E-07
   15.7500000       5.14514738E-07
   16.0000000       4.56687985E-07
   16.2500000       3.90008239E-07
   16.5000000       3.19665901E-07
   16.7500000       2.49706346E-07
   17.0000000       1.81572517E-07
   17.2500000       1.13409961E-07
   17.5000000       3.28533893E-08
   17.7500000      -8.87720049E-08
   18.0000000      -2.85736235E-07
   18.2500000      -5.76257889E-07
   18.5000000      -9.52420010E-07
   18.7500000      -1.38982705E-06
   19.0000000      -1.86313480E-06
   19.2500000      -2.35325456E-06
   19.5000000      -2.84744078E-06
   19.7500000      -3.34139600E-06
   20.0000000      -3.84073473E-06
   20.2500000      -4.34545700E-06
   20.5000000      -4.81971483E-06
   20.7500000      -5.18457364E-06
   21.0000000      -5.35817662E-06
   21.2500000      -5.30718125E-06
   21.5000000      -5.05584421E-06
   21.7500000      -4.65348649E-06
   22.0000000      -4.14401575E-06
   22.2500000      -3.55954057E-06
   22.5000000      -2.92250138E-06
   22.7500000      -2.24199107E-06
   23.0000000      -1.51600716E-06
   23.2500000      -7.53967754E-07
   23.5000000      -1.82187843E-09
   23.7500000       6.66006372E-07
   24.0000000       1.18919718E-06
   24.2500000       1.55537145E-06
   24.5000000       1.79278868E-06
   24.7500000       1.93917344E-06
   25.0000000       2.02217802E-06
   25.2500000       2.05946253E-06
   25.5000000       2.06163099E-06
   25.7500000       2.02940419E-06
   26.0000000       1.95524399E-06
   26.2500000       1.83641760E-06
   26.5000000       1.68619181E-06
   26.7500000       1.52705513E-06
   27.0000000       1.37232985E-06
   27.2500000       1.21741152E-06
   27.5000000       1.04849823E-06
   27.7500000       8.56219401E-07
   28.0000000       6.40106464E-07
   28.2500000       4.04010791E-07
   28.5000000       1.53032616E-07
   28.7500000      -1.02153628E-07
   29.0000000      -3.40605339E-07
   29.2500000      -5.35982451E-07
   29.5000000      -6.68357472E-07
   29.7500000      -7.30301679E-07
   30.0000000      -7.22445918E-07
   30.2500000      -6.47075922E-07
   30.5000000      -5.07865309E-07
   30.7500000      -3.12799557E-07
   31.0000000      -7.30124512E-08
   31.2500000       2.01717782E-07
   31.5000000       5.02406635E-07
   31.7500000       8.12815756E-07
   32.0000000       1.10436986E-06
   32.2500000       1.34399102E-06
   32.5000000       1.50874791E-06
   32.7500000       1.59238039E-06
   33.0000000       1.59990373E-06
   33.2500000       1.54026407E-06
   33.5000000       1.42463773E-06
   33.7500000       1.26671409E-06
   34.0000000       1.07927747E-06
   34.2500000       8.70159511E-07
   34.5000000       6.45007617E-07
   34.7500000       4.15447801E-07
   35.0000000       2.01540516E-07
   35.2500000       2.32860380E-08
   35.5000000      -1.09576405E-07
   35.7500000      -1.98389912E-07
   36.0000000      -2.48810380E-07
   36.2500000      -2.66409984E-07
   36.5000000      -2.58113317E-07
   36.7500000      -2.33552640E-07
   37.0000000      -2.01692231E-07
   37.2500000      -1.66635473E-07
   37.5000000      -1.28725731E-07
   37.7500000      -8.94776875E-08
   38.0000000      -5.35258273E-08
   38.2500000      -2.59052744E-08
   38.5000000      -9.72221326E-09
   38.7500000      -7.01162595E-09
   39.0000000      -1.95396872E-08
   39.2500000      -4.70348738E-08
   39.5000000      -8.57497184E-08
   39.7500000      -1.30361343E-07
   40.0000000      -1.76434497E-07
   40.2500000      -2.19390799E-07
   40.5000000      -2.52552411E-07
   40.7500000      -2.69629226E-07
   41.0000000      -2.69230839E-07
   41.2500000      -2.53664524E-07
   41.5000000      -2.22419871E-07
   41.7500000      -1.69879826E-07
   42.0000000      -9.12016844E-08
   42.2500000       1.18104229E-08
   42.5000000       1.32824539E-07
   42.7500000       2.66703609E-07
   43.0000000       4.08515916E-07
   43.2500000       5.46192155E-07
   43.5000000       6.59416060E-07
   43.7500000       7.30612669E-07
   44.0000000       7.55904523E-07
   44.2500000       7.42553254E-07
   44.5000000       6.97885241E-07
   44.7500000       6.24688539E-07
   45.0000000       5.25868984E-07
   45.2500000       4.07786501E-07
   45.5000000       2.76755429E-07
   45.7500000       1.36076522E-07
   46.0000000      -9.50613366E-09
   46.2500000      -1.47752587E-07
   46.5000000      -2.61432348E-07
   46.7500000      -3.38066371E-07
   47.0000000      -3.75839932E-07
   47.2500000      -3.80680063E-07
   47.5000000      -3.60541236E-07
   47.7500000      -3.23039131E-07
   48.0000000      -2.75164496E-07
   48.2500000      -2.22018556E-07
   48.5000000      -1.66091539E-07
   48.7500000      -1.09587162E-07
   49.0000000      -5.72807011E-08
   49.2500000      -1.55435025E-08
   49.5000000       1.13190479E-08
   49.7500000       2.24106671E-08
   50.0000000       1.85487146E-08
   50.2500000       1.36577327E-09
   50.5000000      -2.58798654E-08
   50.7500000      -5.89784896E-08
   51.0000000      -9.52748991E-08
   51.2500000      -1.33649735E-07
   51.5000000      -1.70456573E-07
   51.7500000      -1.97035945E-07
   52.0000000      -2.03901777E-07
   52.2500000      -1.87600492E-07
   52.5000000      -1.51991188E-07
   52.7500000      -1.03115006E-07
   53.0000000      -4.48291786E-08
   53.2500000       2.05101767E-08
   53.5000000       9.01007695E-08
   53.7500000       1.61756191E-07
   54.0000000       2.35357177E-07
   54.2500000       3.10030600E-07
   54.5000000       3.79643183E-07
   54.7500000       4.34032529E-07
   55.0000000       4.66537614E-07
   55.2500000       4.79395908E-07
   55.5000000       4.81142536E-07
   55.7500000       4.80150049E-07
   56.0000000       4.81306643E-07
   56.2500000       4.86556587E-07
   56.5000000       4.95948200E-07
   56.7500000       5.08723815E-07
   57.0000000       5.26055999E-07
   57.2500000       5.53560085E-07
   57.5000000       5.99559144E-07
   57.7500000       6.69478027E-07
   58.0000000       7.61479441E-07
   58.2500000       8.66940468E-07
   58.5000000       9.74551313E-07
   58.7500000       1.07458936E-06
   59.0000000       1.16151716E-06
   59.2500000       1.23505185E-06
   59.5000000       1.29873263E-06
   59.7500000       1.35403275E-06
   60.0000000       1.39329040E-06
   60.2500000       1.40007569E-06
   60.5000000       1.35899108E-06
   60.7500000       1.26523719E-06
   61.0000000       1.12543432E-06
   61.2500000       9.52394828E-07
   61.5000000       7.60237185E-07
   61.7500000       5.61086722E-07
   62.0000000       3.62059012E-07
   62.2500000       1.63947661E-07
   62.5000000      -3.54245344E-08
   62.7500000      -2.33980046E-07
   63.0000000      -4.20837921E-07
   63.2500000      -5.80233689E-07
   63.5000000      -7.00673240E-07
   63.7500000      -7.80395624E-07
   64.0000000      -8.25783673E-07
   64.2500000      -8.46921466E-07
   64.5000000      -8.54046959E-07
   64.7500000      -8.54811788E-07
   65.0000000      -8.52320397E-07
   65.2500000      -8.45555462E-07
   65.5000000      -8.32402520E-07
   65.7500000      -8.12603616E-07
   66.0000000      -7.87899637E-07
   66.2500000      -7.59906641E-07
   66.5000000      -7.28590976E-07
   66.7500000      -6.92627054E-07
   67.0000000      -6.50343793E-07
   67.2500000      -6.00208864E-07
   67.5000000      -5.41364159E-07
   67.7500000      -4.74486995E-07
   68.0000000      -4.02150476E-07
   68.2500000      -3.28276542E-07
   68.5000000      -2.57420481E-07
   68.7500000      -1.94385152E-07
   69.0000000      -1.43713208E-07
   69.2500000      -1.08888884E-07
   69.5000000      -9.19489622E-08
   69.7500000      -9.36792901E-08
   70.0000000      -1.13602376E-07
   70.2500000      -1.49651072E-07
   70.5000000      -1.98482041E-07
   70.7500000      -2.56406707E-07
   71.0000000      -3.19482268E-07
   71.2500000      -3.82402163E-07
   71.5000000      -4.38166580E-07
   71.7500000      -4.80099516E-07
   72.0000000      -5.04571119E-07
   72.2500000      -5.11362146E-07
   72.5000000      -5.01421255E-07
   72.7500000      -4.75094822E-07
   73.0000000      -4.32861384E-07
   73.2500000      -3.76730412E-07
   73.5000000      -3.09788618E-07
   73.7500000      -2.34913827E-07
   74.0000000      -1.55408003E-07
   74.2500000      -7.69621309E-08
   74.5000000      -7.36217221E-09
   74.7500000       4.69474948E-08
   75.0000000       8.37846770E-08
   75.2500000       1.04559369E-07
   75.5000000       1.11523761E-07
   75.7500000       1.06314545E-07
   76.0000000       9.04947655E-08
   76.2500000       6.61365505E-08
   76.5000000       3.53294283E-08
   76.7500000      -1.33583949E-10
   77.0000000      -3.78571343E-08
   77.2500000      -7.41547836E-08
   77.5000000      -1.05148736E-07
   77.7500000      -1.28384059E-07
   78.0000000      -1.42807849E-07
   78.2500000      -1.47702224E-07
   78.5000000      -1.42610588E-07
   78.7500000      -1.28189953E-07
   79.0000000      -1.06329772E-07
   79.2500000      -7.92311923E-08
   79.5000000      -4.87024963E-08
   79.7500000      -1.63601399E-08
   80.0000000       1.60816125E-08
   80.2500000       4.73884256E-08
   80.5000000       7.75010633E-08
   80.7500000       1.06664949E-07
   81.0000000       1.33466756E-07
   81.2500000       1.54551074E-07
   81.5000000       1.66888327E-07
   81.7500000       1.69855326E-07
   82.0000000       1.64911484E-07
   82.2500000       1.54185031E-07
   82.5000000       1.40024440E-07
   82.7500000       1.25185124E-07
   83.0000000       1.12294920E-07
   83.2500000       1.02767608E-07
   83.5000000       9.64948654E-08
   83.7500000       9.27812920E-08
   84.0000000       9.14719394E-08
   84.2500000       9.30385227E-08
   84.5000000       9.77673764E-08
   84.7500000       1.05273564E-07
   85.0000000       1.14776441E-07
   85.2500000       1.25257088E-07
   85.5000000       1.35077514E-07
   85.7500000       1.41911855E-07
   86.0000000       1.43409125E-07
   86.2500000       1.37778969E-07
   86.5000000       1.23914575E-07
   86.7500000       1.01697076E-07
   87.0000000       7.25172526E-08
   87.2500000       3.90725745E-08
   87.5000000       4.22657864E-09
   87.7500000      -3.00812033E-08
   88.0000000      -6.31010337E-08
   88.2500000      -9.48941405E-08
   88.5000000      -1.25842931E-07
   88.7500000      -1.56269380E-07
   89.0000000      -1.85948224E-07
   89.2500000      -2.13519883E-07
   89.5000000      -2.36629845E-07
   89.7500000      -2.53318206E-07
   90.0000000      -2.63428547E-07
   90.2500000      -2.68451373E-07
   90.5000000      -2.70275905E-07
   90.7500000      -2.70460191E-07
   91.0000000      -2.70156477E-07
   91.2500000      -2.69763888E-07
   91.5000000      -2.68510576E-07
   91.7500000      -2.64951552E-07
   92.0000000      -2.58204267E-07
   92.2500000      -2.48660513E-07
   92.5000000      -2.37520652E-07
   92.7500000      -2.25794508E-07
   93.0000000      -2.13853298E-07
   93.2500000      -2.01750410E-07
   93.5000000      -1.89413242E-07
   93.7500000      -1.76155197E-07
   94.0000000      -1.60445893E-07
   94.2500000      -1.40890307E-07
   94.5000000      -1.17487318E-07
   94.7500000      -9.15935559E-08
   95.0000000      -6.48239791E-08
   95.2500000      -3.83756209E-08
   95.5000000      -1.31514186E-08
   95.7500000       1.01664481E-08
   96.0000000       3.13542934E-08
   96.2500000       5.04639921E-08
   96.5000000       6.69959377E-08
   96.7500000       7.93925636E-08
   97.0000000       8.57044071E-08
   97.2500000       8.49008757E-08
   97.5000000       7.75733042E-08
   97.7500000       6.55553833E-08
   98.0000000       5.10441396E-08
   98.2500000       3.59253072E-08
   98.5000000       2.13971596E-08
   98.7500000       7.74042963E-09
   99.0000000      -5.39775558E-09
   99.2500000      -1.78437514E-08
   99.5000000      -2.78129271E-08
   99.7500000      -3.24127285E-08
   100.000000      -2.94808942E-08
   100.250000      -1.88330507E-08
   100.500000      -1.98644234E-09
   100.750000       1.87549585E-08
   101.000000       4.09833198E-08
   101.250000       6.27086862E-08
   101.500000       8.29068085E-08
   101.750000       1.01758552E-07
   102.000000       1.20020744E-07
   102.250000       1.37626088E-07
   102.500000       1.52805057E-07
   102.750000       1.62929467E-07
   103.000000       1.66332924E-07
   103.250000       1.63228833E-07
   103.500000       1.55204503E-07
   103.750000       1.44317056E-07
   104.000000       1.32532392E-07
   104.250000       1.21367677E-07
   104.500000       1.11561647E-07
   104.750000       1.02944220E-07
   105.000000       9.47527852E-08
   105.250000       8.63655529E-08
   105.500000       7.79070959E-08
   105.750000       7.00965614E-08
   106.000000       6.35084518E-08
   106.250000       5.81060569E-08
   106.500000       5.34290123E-08
   106.750000       4.89671450E-08
   107.000000       4.42672707E-08
   107.250000       3.89208736E-08
   107.500000       3.27565530E-08
   107.750000       2.61624535E-08
   108.000000       2.01453734E-08
   108.250000       1.59285030E-08
   108.500000       1.43672931E-08
   108.750000       1.56658810E-08
   109.000000       1.95471372E-08
   109.250000       2.55587764E-08
   109.500000       3.31947838E-08
   109.750000       4.19231299E-08
   110.000000       5.13248359E-08
   110.250000       6.11702049E-08
   110.500000       7.11512556E-08
   110.750000       8.05094658E-08
   111.000000       8.80972379E-08
   111.250000       9.29061486E-08
   111.500000       9.45349896E-08
   111.750000       9.32048891E-08
   112.000000       8.94251215E-08
   112.250000       8.36791116E-08
   112.500000       7.63660140E-08
   112.750000       6.78815866E-08
   113.000000       5.86099951E-08
   113.250000       4.89001515E-08
   113.500000       3.92119439E-08
   113.750000       3.02429477E-08
   114.000000       2.27314576E-08
   114.250000       1.71178449E-08
   114.500000       1.34742342E-08
   114.750000       1.16958851E-08
   115.000000       1.16534542E-08
   115.250000       1.31938771E-08
   115.500000       1.60796283E-08
   115.750000       1.99572927E-08
   116.000000       2.43734863E-08
   116.250000       2.87804252E-08
   116.500000       3.25488969E-08
   116.750000       3.51408502E-08
   117.000000       3.63678083E-08
   117.250000       3.63401220E-08
   117.500000       3.50433460E-08
   117.750000       3.20880851E-08
   118.000000       2.69800555E-08
   118.250000       1.95375129E-08
   118.500000       1.00124984E-08
   118.750000      -1.02514475E-09
   119.000000      -1.27968418E-08
   119.250000      -2.43946516E-08
   119.500000      -3.49652716E-08
   119.750000      -4.40268977E-08
   120.000000      -5.16440224E-08
   120.250000      -5.81224917E-08
   120.500000      -6.34334754E-08
   120.750000      -6.70473739E-08
   121.000000      -6.83822705E-08
   121.250000      -6.72857254E-08
   121.500000      -6.40738591E-08
   121.750000      -5.93190919E-08
   122.000000      -5.37028484E-08
   122.250000      -4.79035265E-08
   122.500000      -4.24202113E-08
   122.750000      -3.74363829E-08
   123.000000      -3.28717995E-08
   123.250000      -2.86044717E-08
   123.500000      -2.46718521E-08
   123.750000      -2.12624833E-08
   124.000000      -1.85332745E-08
   124.250000      -1.64776459E-08
   124.500000      -1.49572070E-08
   124.750000      -1.37825813E-08
   125.000000      -1.27438433E-08
   125.250000      -1.16445396E-08
   125.500000      -1.03647411E-08
   125.750000      -8.87608032E-09
   126.000000      -7.21782856E-09
   126.250000      -5.51346524E-09
   126.500000      -3.94804811E-09
   126.750000      -2.62569366E-09
   127.000000      -1.52930324E-09
   127.250000      -6.88986201E-10
   127.500000      -2.00453029E-10
   127.750000      -2.71380991E-11
