-6.831496079939824995e-08
-9.538201339864826878e-08
-1.131377089791385515e-07
-1.183341780119917530e-07
-1.108367158053624735e-07
-9.295244041140904301e-08
-6.840404864760785131e-08
-4.189561408907138684e-08
-1.853551623298699269e-08
-3.166630957451843642e-09
1.255827553059418733e-09
-4.612215942501052268e-09
-1.704821173120762978e-08
-3.093390077424373885e-08
-4.144206755540835729e-08
-4.503873896055665682e-08
-3.924236580132856034e-08
-2.248222763512330857e-08
5.117516188590798265e-09
4.210788162595235917e-08
8.654925665041446337e-08
1.343763500472050509e-07
1.788704793170836638e-07
2.128978593418651144e-07
2.313535958364809630e-07
2.321274905625614338e-07
2.157835012894793181e-07
1.851209958658728283e-07
1.436824703660022351e-07
9.481562557311917772e-08
4.179444346164018498e-08
-1.249837389138974686e-08
-6.535739061064305133e-08
-1.135815210773216677e-07
-1.532570337303695851e-07
-1.801264772893773625e-07
-1.908341857870254898e-07
-1.859254439295909833e-07
-1.693842364147712942e-07
-1.396689697230613092e-07
-9.257534117068644264e-08
-6.456328804915756336e-08
-1.738544881391135277e-07
-5.510889877768931910e-07
-1.169607344309042674e-06
-1.770284939084376674e-06
-2.036921159742632881e-06
-1.896429466796689667e-06
-1.589585735928267241e-06
-1.403456735715735704e-06
-1.417006842530099675e-06
-1.510962761130940635e-06
-1.504940769336826634e-06
-1.290378691010118928e-06
-9.277017056774639059e-07
-5.984344397802487947e-07
-4.359278591437032446e-07
-4.320242510402749758e-07
-4.826860617868078407e-07
-4.956873453920707107e-07
-4.603548688919545384e-07
-4.513429416874714661e-07
-5.371372253648587503e-07
-6.502065730273898225e-07
-6.499439564322528895e-07
-5.337204811439733021e-07
-4.462912670533114579e-07
-4.547049456959939562e-07
-4.866639642386871856e-07
-4.872215981777117122e-07
-4.710576035904523451e-07
-4.565081042073870776e-07
-4.442263730197737459e-07
-4.246472542490664637e-07
-3.537574855272396235e-07
-1.799622140197243425e-07
7.440982585649180692e-08
3.205142036222241586e-07
4.687386763180256821e-07
4.670655755489860894e-07
3.500933871691813692e-07
2.151483329271286493e-07
9.001225720339789405e-08
-8.296942866081735701e-08
-2.765842737062484957e-07
-3.248214568429830251e-07
-1.531666669052356156e-07
8.136529316971063963e-08
1.934584616947176983e-07
1.843026922188073513e-07
1.603499697466759244e-07
1.461376513134382549e-07
1.065963317614659900e-07
1.004112704094950459e-07
3.038472016214655014e-07
8.816042509351973422e-07
1.847436465141072404e-06
2.966580041174893267e-06
3.784154614550061524e-06
3.873229161399649456e-06
3.138711008432437666e-06
1.939505409609409980e-06
8.697472253516025376e-07
2.912788374942465452e-07
1.148412422935507493e-07
8.281116237185415230e-08
1.229837209848483326e-07
3.457260504546866287e-07
7.767908982714288868e-07
1.196274638459726702e-06
1.312029894506849814e-06
1.077856268238974735e-06
7.778946837788680568e-07
7.598140427944599651e-07
1.121802370107616298e-06
1.659563395151053555e-06
2.032079009950393811e-06
1.990332521017990075e-06
1.528085704194381833e-06
8.649858500575646758e-07
2.904991163177328417e-07
3.390730363150851190e-09
3.411947346876331721e-08
2.507894691916590091e-07
4.811020630768325645e-07
6.318105647551419679e-07
6.647964028161368333e-07
5.500227189259021543e-07
2.916135883879178436e-07
-5.176480399882166239e-08
-4.045706702981988201e-07
-7.101765504557988606e-07
-9.122288133767142426e-07
-9.825699862631154247e-07
-9.814464192459126934e-07
-9.683952839623088948e-07
-8.961511070992855821e-07
-6.913880383763171267e-07
-4.027914428661460988e-07
-1.773045426034514094e-07
-4.329604408326304110e-08
1.601679286977741867e-07
5.701739951291528996e-07
1.131886392613523640e-06
1.679868773862835951e-06
2.069171614493825473e-06
2.170832885894924402e-06
1.881567641248693690e-06
1.272747795155737549e-06
6.199213089530530851e-07
1.512777174639268196e-07
-1.460620779880628106e-07
-3.924013185496733058e-07
-5.752650622525834478e-07
-5.659816224579117261e-07
-3.569252271518053021e-07
-1.365360020599837299e-07
-9.265077949294209247e-08
-2.493172814865829423e-07
-5.356391170607821550e-07
-8.884060775926627684e-07
-1.210749246638442855e-06
-1.361521071885363199e-06
-1.291957005378208123e-06
-1.106945433093642350e-06
-9.457912142352142837e-07
-8.791866434876283165e-07
-9.017110187414800748e-07
-9.543126680000568740e-07
-9.914938345900736749e-07
-1.037688321048335638e-06
-1.131621161221119110e-06
-1.247656200575875118e-06
-1.312245558438007720e-06
-1.273233920073835179e-06
-1.152100480794615578e-06
-1.037992319652403239e-06
-1.006437400974391494e-06
-1.047606474458007142e-06
-1.095805373552138917e-06
-1.102559281207504682e-06
-1.045154249368351884e-06
-8.946781235863454640e-07
-6.389234386006137356e-07
-3.403856396744231461e-07
-1.048996622898812348e-07
2.909638219250609836e-08
1.318259279514677473e-07
3.054056776363722747e-07
5.750038098994991742e-07
8.736914764995162841e-07
1.123294055105361622e-06
1.274648980142956134e-06
1.277546630262804683e-06
1.095960101338278037e-06
7.716349159636592958e-07
4.185218926977540832e-07
1.516252439159870846e-07
1.740382060688716592e-08
-3.630785272434877697e-08
-1.026721392349827511e-07
-2.222568582510575652e-07
-3.607676148931204807e-07
-4.500157331221998902e-07
-4.519415881532040657e-07
-4.124834163121704478e-07
-4.198276428724057041e-07
-4.910493771603796631e-07
-5.501378268490952905e-07
-5.193391530156077351e-07
-3.834755375464737881e-07
-1.827017115374474088e-07
1.379580361060561700e-08
1.595663690068249707e-07
2.884108880607527681e-07
4.701741431745176669e-07
6.914325467732851394e-07
8.360546530639112461e-07
7.982976057974155992e-07
5.923461117163242307e-07
3.579436054224061081e-07
2.502727056707954034e-07
2.954359956675034482e-07
3.759493836241745157e-07
3.783745512464520289e-07
3.028050912234903080e-07
2.180739215873472858e-07
1.809510479233722435e-07
2.131496756874184939e-07
2.953389639515080489e-07
3.582372301025316119e-07
3.235211920582514722e-07
1.926707398069993360e-07
6.287981335617587320e-08
1.751475409150771156e-08
4.341013948305771919e-08
8.080469626747799339e-08
9.788829657964015496e-08
8.589518074586521834e-08
3.351686572727885505e-08
-5.507687816930229019e-08
-1.485140899148973403e-07
-2.120722513154760236e-07
-2.227380804242784507e-07
-1.774672142573763267e-07
-1.158439317805459723e-07
-1.127822599755745614e-07
-2.161517329568596324e-07
-3.867004068069945788e-07
-5.321673484104394447e-07
-5.953710342510021292e-07
-5.672158067682175897e-07
-4.535362450042157434e-07
-2.772187315258634044e-07
-8.781915994404698722e-08
5.817301484967174474e-08
1.263777420490441727e-07
1.225973278451419901e-07
9.002185663575801300e-08
7.323884432253180421e-08
8.667556983255053638e-08
1.244435594571768888e-07
1.639952955656553968e-07
1.789919679140439257e-07
1.891865508696355391e-07
2.305585979911484173e-07
2.691928955300681992e-07
2.246213455237011658e-07
6.251325146422459511e-08
-1.776159166411162005e-07
-4.238222857111395570e-07
-6.131220402494363952e-07
-7.038094622657808941e-07
-6.842017228336771950e-07
-5.842475161443871912e-07
-4.512006057666440029e-07
-3.048980659059452591e-07
-1.421705349002877483e-07
1.893412004960737249e-08
1.437860817077307729e-07
2.427395884296856821e-07
3.613328374285629252e-07
4.855972406403452624e-07
5.262051558929670136e-07
4.230073500366415828e-07
2.248710302410472650e-07
5.167523653426542296e-08
-1.059233056821540231e-08
1.729429754959710408e-08
4.511004192409018287e-08
1.809613081604766194e-08
-4.338800607683879207e-08
-9.506958065230719512e-08
-1.218484584342149901e-07
-1.384219245892381878e-07
-1.630281616371576092e-07
-2.012295112763240468e-07
-2.505216514236963121e-07
-3.009769784512172919e-07
-3.309098133286170196e-07
-3.266293333581415936e-07
-2.896977662203426007e-07
-2.229461415481637232e-07
-1.327341720980257378e-07
-2.328739689971826010e-08
1.004981484697964333e-07
1.984899427043274045e-07
2.139330206318845740e-07
1.448370596790482523e-07
5.228099553278298117e-08
2.493227846400714043e-09
2.312178359886729595e-08
9.484568863626918755e-08
1.662445754391228547e-07
1.905256539203037391e-07
1.613343272310885368e-07
1.181661843929759925e-07
1.133017022425519826e-07
1.571492305174615467e-07
1.988470472724657157e-07
1.794521722331410274e-07
1.012300501201934821e-07
2.207424643074773485e-08
-2.014106925685155147e-08
-5.332136510105556226e-08
-1.265861016008784645e-07
-2.444755011765664676e-07
-3.621470341386157088e-07
-4.186936166661325842e-07
-3.720165580034517916e-07
-2.360472564078008872e-07
-8.333910272995126434e-08
1.189522880196136612e-08
2.018884615040406061e-08
-4.479679560631666391e-08
-1.425280657940675155e-07
-2.280201130133718834e-07
-2.847671964900655439e-07
-3.273273705417523161e-07
-3.519498363857564982e-07
-3.249295161822374212e-07
-2.410771742233919213e-07
-1.393269712934852578e-07
-5.507947875571517216e-08
-7.874805696417297440e-09
-1.422059714428769439e-08
-6.071453384492997429e-08
-8.949812269065660075e-08
-6.047658018815127434e-08
-1.015354023081727064e-08
-9.633647657381061435e-09
-8.284512631462348509e-08
-1.940611156214799848e-07
-2.899856212934537325e-07
-3.311510567982622888e-07
-3.072191532282886328e-07
-2.354362180767566315e-07
-1.367263138263297151e-07
-1.766764334831805172e-08
1.163134797366183193e-07
2.381434995868403348e-07
3.071569096846360480e-07
3.059145967654330889e-07
2.602099584692041390e-07
2.202377089588480885e-07
2.204029669883311726e-07
2.472894209404330468e-07
2.547568556110491045e-07
2.247725774395803455e-07
2.006487136441137409e-07
2.346952925336154294e-07
3.142859839044831460e-07
3.667064731871505501e-07
3.273538595749414526e-07
1.957059794222004712e-07
3.192401010210232926e-08
-9.181513149769671145e-08
-1.314161579557548976e-07
-9.021741931292126537e-08
-1.080042011381010525e-08
6.534567376093036728e-08
1.210712383681311621e-07
1.465550383272784529e-07
1.292653166728996439e-07
6.932923213298636256e-08
-1.688272810440594185e-08
-1.002072806954856787e-07
-1.323186040735890856e-07
-6.242556338520444115e-08
1.111041711965299328e-07
3.132524568627559347e-07
4.495392715853085974e-07
4.925723260384984314e-07
4.827519433092675172e-07
4.555447787879529642e-07
4.032651474972226424e-07
3.062112909901770763e-07
1.734618990667513572e-07
3.501215317669448268e-08
-9.043241533390755649e-08
-2.025717691367390216e-07
-2.977980670948454645e-07
-3.587337573662807699e-07
-3.791542724229657324e-07
-3.737104066203755792e-07
-3.489036828341340879e-07
-2.924615500887739472e-07
-2.032653441119691706e-07
-1.080406804021549760e-07
-3.614378840666176984e-08
6.023499476981442058e-09
2.428007661592346267e-08
1.596214715959831665e-08
-1.613452305093687755e-08
-3.979414842092410254e-08
-1.957137030217381835e-08
2.704599921798944706e-08
3.569174467088487290e-08
-3.135451009939060896e-08
-1.393596846810396528e-07
-2.085492667447397253e-07
-1.846951533934770850e-07
-8.584877519979272620e-08
2.279012534245339339e-08
9.674723600028301007e-08
1.504129016893784865e-07
2.319256253713319893e-07
3.601614935178076848e-07
4.890557647740934044e-07
5.476604201248846948e-07
5.093290837976383045e-07
4.156229067575623048e-07
3.350165229676349554e-07
2.958823586141079431e-07
2.701028449791920139e-07
2.249217345706711058e-07
1.707922052673893631e-07
1.449275259801652282e-07
1.583219244594147312e-07
1.796987589841592126e-07
1.717377955401389045e-07
1.298131024896065355e-07
8.553134733801925904e-08
7.639269483661337290e-08
1.122214641213759023e-07
1.674793708161814720e-07
2.031779757771801087e-07
1.953986128455653670e-07
1.408388925483450294e-07
4.810140197264445305e-08
-6.080180980916338740e-08
-1.521557919659244362e-07
-1.993219314044836210e-07
-1.939067857392728911e-07
-1.332863632796943421e-07
-1.805273086574743502e-08
1.206270212605886627e-07
2.154169749246648280e-07
2.130741449946071953e-07
1.177056176970836532e-07
-2.560661904738026351e-08
-1.696212450497114332e-07
-2.850573252999311080e-07
-3.594496149617043557e-07
-3.868843521104281535e-07
-3.627241369486000622e-07
-2.899979847370559582e-07
-1.881872009334983886e-07
-8.695854347706699627e-08
-1.199083499159314670e-08
2.123022291300458164e-08
1.572411001404816489e-08
-2.668539389460988787e-09
-1.079695621797327476e-08
-9.213470875124585291e-09
-9.536845757551759561e-10
2.702728352232952602e-08
8.221165614941128297e-08
1.400587166244804394e-07
1.592802618688438088e-07
1.257075439298205310e-07
6.990102718873458798e-08
3.904414214161988639e-08
5.629130583884034422e-08
1.045981647962435090e-07
1.463256467104656622e-07
1.534611726583534619e-07
1.175913197926092835e-07
4.757326621529500699e-08
-3.250484326144942315e-08
-9.626723596056763199e-08
-1.336620982783642830e-07
-1.478292404044623254e-07
-1.352375136320915772e-07
-8.833720244183496106e-08
-2.088487782714310015e-08
3.171282614289339108e-08
3.961019601206317020e-08
-5.077037457112965058e-09
-8.711437970987390145e-08
-1.751609630673556239e-07
-2.408457362435001414e-07
-2.748846839040197665e-07
-2.797413571897777729e-07
-2.557868015173880849e-07
-2.067239250891361735e-07
-1.449059396918528364e-07
-7.529747136914011207e-08
7.756512765411116561e-09
9.258511823873050162e-08
1.436456074088710011e-07
1.406742597964694141e-07
1.046680750960149453e-07
7.226545051253197016e-08
5.839334704660359421e-08
4.946083365098274953e-08
2.095753615094508859e-08
-4.165776346098937211e-08
-1.295091180963936495e-07
-2.164497061585279880e-07
-2.828907099683419801e-07
-3.341321814787079347e-07
-3.914332182830548845e-07
-4.616214823727204930e-07
-5.202849706620327197e-07
-5.278124035612563603e-07
-4.613401927144877845e-07
-3.339812053582136286e-07
-1.831456017953314586e-07
-4.227496930298002553e-08
6.610081015878677135e-08
1.221518317606751225e-07
1.200737358431069879e-07
8.822481589731978602e-08
7.111984245966596063e-08
8.401158879678405356e-08
1.111147227561559703e-07
1.425733273663354339e-07
1.828517213198210811e-07
2.304655737361827050e-07
2.699156880225928035e-07
2.821652742568403482e-07
2.657748723322583828e-07
2.419164673028717516e-07
2.216470278426641016e-07
1.832481331121016410e-07
1.040973955923618632e-07
-2.130231102626112261e-09
-9.886396412639442133e-08
-1.594981711150467163e-07
-1.754832794631511206e-07
-1.483409022284831735e-07
-8.819366570378406323e-08
-1.575204677806141262e-08
4.489986338285234524e-08
7.766406184828156256e-08
8.597300649171302211e-08
9.546771195800829446e-08
1.246562817414087476e-07
1.531262796561350115e-07
1.435435024177422747e-07
8.943245433101765229e-08
2.285650246847126255e-08
-1.914943048575423745e-08
-2.396664555703864607e-08
-4.102693296204051876e-09
1.313357422816352482e-08
-4.568929679038546965e-09
-7.315540528907149564e-08
-1.694877198588073952e-07
-2.434385066862887470e-07
-2.644714811594894854e-07
-2.445488291868969100e-07
-2.083443177980370820e-07
-1.580713160365121439e-07
-7.400513624133964186e-08
6.163244137269430212e-08
2.406618477834854275e-07
4.213238185002410319e-07
5.492129844242299441e-07
5.959444138170510996e-07
5.765850801253691316e-07
5.259489626041613519e-07
4.669331588047498371e-07
4.045340915581618901e-07
3.366904763879574602e-07
2.643071752572723199e-07
1.965995721775470884e-07
1.462967844645390869e-07
1.113741419089819829e-07
7.154044823209915194e-08
1.382783398895526261e-08
-5.227115451589270378e-08
-1.035672383409291797e-07
-1.201992461119516520e-07
-1.038831811683849082e-07
-7.334328699926118134e-08
-3.521878255696719862e-08
2.273949384345996805e-08
1.035959940054453909e-07
1.804720426434869296e-07
2.142298285434662830e-07
1.914890930265755742e-07
1.350268661326481379e-07
7.805799384641431971e-08
3.814089666320796823e-08
1.697393159361126891e-08
9.649455456894884264e-09
-1.409311643080224385e-11
-3.519979330235400994e-08
-9.901894060249105678e-08
-1.649065382025582949e-07
-2.021848786171176471e-07
-2.004125292387470836e-07
-1.670725282565399539e-07
-1.116440770942972449e-07
-4.484140347926768300e-08
1.214732936460904966e-08
4.039421597212822235e-08
4.461464442329088342e-08
4.097799788382872066e-08
2.380246755251391733e-08
-3.288108274546175380e-08
-1.347415121699668816e-07
-2.516873678359843325e-07
-3.511770785280532436e-07
-4.227043746141134761e-07
-4.689019590387033531e-07
-4.949581580149242654e-07
-5.035124104324495420e-07
-4.886074407295382116e-07
-4.407960716434899950e-07
-3.623620159487472847e-07
-2.688379083792824531e-07
-1.719138396083508269e-07
-7.197500195843531401e-08
2.460103054602313932e-08
9.438659276383987162e-08
1.164866318958956981e-07
9.640990583648090251e-08
5.858671414671334787e-08
1.778300706689606159e-08
-2.871507476243095880e-08
-8.388045813489952707e-08
-1.411073213830604800e-07
-1.896404171475296607e-07
-2.215202954403139302e-07
-2.363880327038714313e-07
-2.409547050774563104e-07
-2.395069600424903911e-07
-2.269606369509347132e-07
-2.000502519194924389e-07
-1.719482440876163309e-07
-1.614699556284904247e-07
-1.673985963179802638e-07
-1.623161267616524128e-07
-1.195946310872386675e-07
-4.606646797356006573e-08
2.462463832841876865e-08
7.068015150935025304e-08
9.846736759300256381e-08
1.233732263017373043e-07
1.505233200305156060e-07
1.707803107819927391e-07
1.639437670064580743e-07
1.136978085014561657e-07
2.735770721074004541e-08
-6.774001803933060728e-08
-1.465275119016951066e-07
-1.988140780895264470e-07
-2.278768107544237864e-07
-2.399331435753992992e-07
-2.317375020766121452e-07
-1.938026485959198908e-07
-1.306969750203279546e-07
-6.756356185633194400e-08
-2.426005352162974305e-08
5.233155242478915170e-09
3.616556654151281691e-08
7.025139581173789338e-08
9.727321526042942423e-08
1.038789676499618508e-07
7.833028803361230530e-08
2.120002484673477738e-08
-4.635572281586064491e-08
-9.037855619453694089e-08
-8.819230146173140383e-08
-4.877865933394787135e-08
-1.365784374485201624e-09
3.196327824639411119e-08
4.455131019653890689e-08
3.852090557643350621e-08
2.210553873283060966e-08
9.027911751502415427e-09
1.290783924190463949e-08
4.240003192990116077e-08
9.482700136231869692e-08
1.464337913148483494e-07
1.620586829176318133e-07
1.276122674198632012e-07
6.525798568191021332e-08
1.259796267305546280e-08
-1.623037482190170522e-09
3.278658411431933928e-08
1.028767471211722295e-07
1.776957674337609205e-07
2.315114357998027117e-07
2.618898804485070286e-07
2.756434014372644015e-07
2.704057067148823990e-07
2.455083460972673493e-07
2.173425741602841299e-07
2.055111139043219737e-07
2.062407560288193054e-07
1.921927719195082318e-07
1.434887764162340318e-07
6.995060886083592777e-08
-4.876613335369484048e-09
-7.176177518886106554e-08
-1.363934529763355386e-07
-1.933706812451418955e-07
-2.147028794752259273e-07
-1.754570604362015729e-07
-7.993938311301462818e-08
4.343021231534294202e-08
1.654406673878838774e-07
2.685651168121694354e-07
3.417673895000916673e-07
3.739874046004842967e-07
3.566249802133825142e-07
2.995046486375940731e-07
2.375409451360610547e-07
2.019249052409577416e-07
1.936179359063316952e-07
1.925949391079484485e-07
1.772977213931881124e-07
1.391436796893685823e-07
8.948009622145036701e-08
4.697236377637636906e-08
1.567961405157802801e-08
-2.042833280313516298e-08
-7.823001624274183996e-08
-1.523672210623772116e-07
-2.184432190688312403e-07
-2.597181776309298584e-07
-2.843862034751509782e-07
-3.123470548871409846e-07
-3.487935202883818420e-07
-3.771419585518742679e-07
-3.767565601719979895e-07
-3.414955074276804226e-07
-2.815631319208478089e-07
-2.169086030789912911e-07
-1.684426820247608703e-07
-1.459089418176517938e-07
-1.425578517455505789e-07
-1.450483750886633061e-07
-1.464352834545934456e-07
-1.474098354492525687e-07
-1.505444373606223962e-07
-1.566639298289373983e-07
-1.580527566602540901e-07
-1.316997355615967535e-07
-5.561808436027604330e-08
6.016731646241169074e-08
1.724181259987744852e-07
2.428150764899328351e-07
2.725874423958885018e-07
2.940111016869195737e-07
3.309474152501934441e-07
3.750920711809158092e-07
4.001413174137269380e-07
3.873335003845568281e-07
3.332046105697372695e-07
2.477489715602132492e-07
1.525039721173016005e-07
6.960206633266352583e-08
4.926897112511596788e-09
-5.326608132349974767e-08
-1.143389454227872193e-07
-1.713016644089293550e-07
-2.122579019214754226e-07
-2.356124184643704211e-07
-2.461689234678487992e-07
-2.407373642654420109e-07
-2.048575709068245487e-07
-1.308318644532846520e-07
-3.535949488764345006e-08
5.046649320661344973e-08
1.065489527718455065e-07
1.344354814136750065e-07
1.501808952752980986e-07
1.727322995748181711e-07
2.064183206584857544e-07
2.302573989254597109e-07
2.214473227013513679e-07
1.841506644950641203e-07
1.324882674680338823e-07
5.925495116798629169e-08
-4.796439867504886934e-08
-1.684844619376235642e-07
-2.559079064212710364e-07
-2.834103725035674870e-07
-2.593222347968549002e-07
-2.013231465980425128e-07
-1.184774873763672076e-07
-1.680184702479436964e-08
9.378656073977253982e-08
2.003749131063159439e-07
2.895499733313044999e-07
3.480003272215981269e-07
3.633589358287281357e-07
3.274308255640789866e-07
2.451282909987639869e-07
1.438520627061734558e-07
6.635801241827721242e-08
4.074179571489366936e-08
5.572692884925345425e-08
7.675654956074140500e-08
8.522733452309694258e-08
9.127243316697786213e-08
1.110495375655773387e-07
1.478109368235891452e-07
1.973192809145984938e-07
2.503207099380233558e-07
2.883217007365601603e-07
2.977324413677706616e-07
2.811342199038335821e-07
2.448234113217040431e-07
1.931638422547621303e-07
1.388130925761288381e-07
1.025632627715822309e-07
9.706420200927823316e-08
1.138002971856622025e-07
1.293675069291566615e-07
1.314285782427759841e-07
1.378457739065197529e-07
1.767269850461161695e-07
2.495359296972310403e-07
3.257153764479880920e-07
3.674577726542338496e-07
3.561574430932523683e-07
3.024715056199056562e-07
2.331160970925338916e-07
1.710862704840110382e-07
1.281362642657768447e-07
1.087137988520225917e-07
1.152552826511055173e-07
1.443004293832927942e-07
1.800722202460747212e-07
2.045364766445345595e-07
2.149499209735949989e-07
2.195125858861501911e-07
2.157774190436612116e-07
1.863441951854838408e-07
1.204710997626534663e-07
3.078852728322090115e-08
-5.858109730638716428e-08
-1.320676119576091878e-07
-1.850845023909641895e-07
-2.185437892876507249e-07
-2.399258391960756853e-07
-2.636002989220287418e-07
-2.998887680405459832e-07
-3.362951872531994013e-07
-3.336063230108265998e-07
-2.537242380640236661e-07
-9.843824955169111490e-08
7.926801970370433992e-08
2.139193213679391192e-07
2.863974088995746570e-07
3.282813452187838266e-07
3.637339602846623166e-07
3.765262306387739955e-07
3.439279225858626887e-07
2.733264068410790060e-07
1.886711089582604473e-07
1.034645364939024148e-07
2.318515690546973929e-08
-4.415176135807996616e-08
-9.752520924166674376e-08
-1.546483190395520069e-07
-2.389360247434524354e-07
-3.527310639128700132e-07
-4.685979035912168911e-07
-5.501422606357664336e-07
-5.787157988379476592e-07
-5.628979806715506129e-07
-5.347831120161572471e-07
-5.358936618904408533e-07
-5.870928703188837972e-07
-6.598274353564193007e-07
-6.893226327520096675e-07
-6.348262218125455547e-07
-5.203877435633330606e-07
-4.057778824062552303e-07
-3.338637952765566297e-07
-3.111968567282019649e-07
-3.174446305820310954e-07
-3.262161953898612410e-07
-3.270495767537795473e-07
-3.289467542799684452e-07
-3.391552354514715262e-07
-3.470397871296881931e-07
-3.375579353814828210e-07
-3.109469730588898528e-07
-2.818558186845621094e-07
-2.701766845802922035e-07
-2.922143664818577236e-07
-3.437421014496067073e-07
-3.911317492111265892e-07
-3.936148402772232657e-07
-3.389022253941220697e-07
-2.541816854773060186e-07
-1.840279679754530662e-07
-1.577809172204069910e-07
-1.749665159422875149e-07
-2.186794034741978976e-07
-2.760760082765045809e-07
-3.448839152042637579e-07
-4.295318376534851268e-07
-5.340757525118533522e-07
-6.541447987729043234e-07
-7.712370120316336397e-07
-8.539574878341227304e-07
-8.746603157305798959e-07
-8.336956511811877135e-07
-7.604332949995296076e-07
-6.809516435168916360e-07
-5.925599566580785904e-07
-4.781696816280600615e-07
-3.388379354873904958e-07
-2.044630065256569651e-07
-1.118196379934488505e-07
-7.727796003109688172e-08
-9.348487850502351648e-08
-1.454895937058608979e-07
-2.154013714061875362e-07
-2.765020497008663369e-07
-3.025728290140250465e-07
-2.831324650287569966e-07
-2.189799062080055592e-07
-1.039271282365916704e-07
7.508966604063971317e-08
3.134950361527444329e-07
5.749012643718742765e-07
8.116744538710918278e-07
9.939582241713651456e-07
1.116547878154960927e-06
1.192260924653965048e-06
1.237792730535147712e-06
1.251155936188297346e-06
1.213238306263519917e-06
1.123005176850710995e-06
1.007356559057370760e-06
8.862247113938792609e-07
7.601909146615071222e-07
6.353039339046517853e-07
5.229540533946419600e-07
4.179287600436509820e-07
3.046037591047934256e-07
1.815387093984099920e-07
6.948165776066161925e-08
-2.192673820289314790e-09
-2.103401008923810878e-08
-5.419603876788414709e-09
1.437978003338002964e-08
2.943716204129032121e-08
6.159390864013403188e-08
1.379696499270721688e-07
2.551274462803121423e-07
3.723237114172661677e-07
4.475900539091526298e-07
4.756126088523160433e-07
4.841882628170424141e-07
5.024717211199458688e-07
5.374683951231418177e-07
5.701137411051604431e-07
5.685701580659952015e-07
5.118899366607365664e-07
4.108662494672898902e-07
3.074361529797897674e-07
2.454619334457674995e-07
2.372586749288529973e-07
2.520294231089792447e-07
2.401805545559909660e-07
1.829513252005199320e-07
1.137698717457169550e-07
8.482321334213338559e-08
1.227310946205761866e-07
2.117796071843258687e-07
3.057437822917563608e-07
3.566209727523528272e-07
3.382384647920844145e-07
2.499743629869044526e-07
1.125546731373106013e-07
-3.149428096094197826e-08
-1.306125483324649394e-07
-1.615769065210770350e-07
-1.545031267369267880e-07
-1.619703056121579721e-07
-2.041082041159825167e-07
-2.629793414143932750e-07
-3.246299513648409629e-07
-4.031398930237628520e-07
-5.180443167773773894e-07
-6.610027867282042280e-07
-7.947898552629339974e-07
-8.838401299726683646e-07
-9.163256322608503979e-07
-8.977453944680746645e-07
-8.427979878433689009e-07
-7.821320764378469903e-07
-7.528053629357600585e-07
-7.538910722360014915e-07
-7.285130436684994493e-07
-6.195198807290580589e-07
-4.282406109723524423e-07
-2.009726927099109162e-07
1.925951842451922857e-08
2.117743065355170984e-07
3.683568365886458196e-07
4.797597625838534441e-07
5.322565357346320525e-07
5.161832064004556742e-07
4.398566773033962818e-07
3.330542597268504323e-07
