   0.00000000      -8.07289027E-08
  0.250000000      -7.76551232E-08
  0.500000000      -7.45441469E-08
  0.750000000      -7.13984107E-08
   1.00000000      -6.82186894E-08
   1.25000000      -6.50032490E-08
   1.50000000      -6.17514146E-08
   1.75000000      -5.84670765E-08
   2.00000000      -5.51493713E-08
   2.25000000      -5.17975067E-08
   2.50000000      -4.84137708E-08
   2.75000000      -4.49990587E-08
   3.00000000      -4.15548307E-08
   3.25000000      -3.80785750E-08
   3.50000000      -3.45720501E-08
   3.75000000      -3.10399138E-08
   4.00000000      -2.74789382E-08
   4.25000000      -2.38881466E-08
   4.50000000      -2.02701358E-08
   4.75000000      -1.66305796E-08
   5.00000000      -1.29650140E-08
   5.25000000      -9.26620736E-09
   5.50000000      -5.54577806E-09
   5.75000000      -1.81352722E-09
   6.00000000       1.94519800E-09
   6.25000000       5.74711789E-09
   6.50000000       9.56268664E-09
   6.75000000       1.33528708E-08
   7.00000000       1.71807262E-08
   7.25000000       2.11294289E-08
   7.50000000       2.50536800E-08
   7.75000000       2.87694988E-08
   8.00000000       3.25936398E-08
   8.25000000       3.69351554E-08
   8.50000000       4.10857695E-08
   8.75000000       4.41285088E-08
   9.00000000       4.77725415E-08
   9.25000000       5.45861845E-08
   9.50000000       6.17179907E-08
   9.75000000       6.57130030E-08
   10.0000000       8.51299049E-08
   10.2500000       1.74126285E-07
   10.5000000       3.98361976E-07
   10.7500000       7.92029539E-07
   11.0000000       1.34215986E-06
   11.2500000       2.01099215E-06
   11.5000000       2.76416313E-06
   11.7500000       3.57732438E-06
   12.0000000       4.42867213E-06
   12.2500000       5.30210082E-06
   12.5000000       6.20091123E-06
   12.7500000       7.13580812E-06
   13.0000000       8.07353717E-06
   13.2500000       8.90533829E-06
   13.5000000       9.49583682E-06
   13.7500000       9.77129821E-06
   14.0000000       9.75157855E-06
   14.2500000       9.50709727E-06
   14.5000000       9.10596827E-06
   14.7500000       8.59793545E-06
   15.0000000       8.02040995E-06
   15.2500000       7.39680945E-06
   15.5000000       6.72803071E-06
   15.7500000       6.00312069E-06
   16.0000000       5.23471317E-06
   16.2500000       4.47999992E-06
   16.5000000       3.81285963E-06
   16.7500000       3.27469820E-06
   17.0000000       2.85805095E-06
   17.2500000       2.52958353E-06
   17.5000000       2.25535518E-06
   17.7500000       2.00758518E-06
   18.0000000       1.76391654E-06
   18.2500000       1.51212589E-06
   18.5000000       1.25712506E-06
   18.7500000       1.01813998E-06
   19.0000000       8.14127588E-07
   19.2500000       6.53414816E-07
   19.5000000       5.39613666E-07
   19.7500000       4.76513947E-07
   20.0000000       4.50496032E-07
   20.2500000       4.10766916E-07
   20.5000000       2.87489257E-07
   20.7500000       3.96137843E-08
   21.0000000      -3.22212514E-07
   21.2500000      -7.63618800E-07
   21.5000000      -1.27008138E-06
   21.7500000      -1.85857425E-06
   22.0000000      -2.55309010E-06
   22.2500000      -3.36324911E-06
   22.5000000      -4.29283091E-06
   22.7500000      -5.34657693E-06
   23.0000000      -6.49399817E-06
   23.2500000      -7.62758555E-06
   23.5000000      -8.59488955E-06
   23.7500000      -9.29309954E-06
   24.0000000      -9.72013186E-06
   24.2500000      -9.93112371E-06
   24.5000000      -9.96738709E-06
   24.7500000      -9.83684913E-06
   25.0000000      -9.54146344E-06
   25.2500000      -9.09579194E-06
   25.5000000      -8.51381174E-06
   25.7500000      -7.79823404E-06
   26.0000000      -6.96483585E-06
   26.2500000      -6.07321908E-06
   26.5000000      -5.21073571E-06
   26.7500000      -4.43797035E-06
   27.0000000      -3.76068806E-06
   27.2500000      -3.15556508E-06
   27.5000000      -2.60754655E-06
   27.7500000      -2.11612723E-06
   28.0000000      -1.67905159E-06
   28.2500000      -1.28563170E-06
   28.5000000      -9.29142630E-07
   28.7500000      -6.19290802E-07
   29.0000000      -3.76655976E-07
   29.2500000      -2.16276533E-07
   29.5000000      -1.41348849E-07
   29.7500000      -1.51135808E-07
   30.0000000      -2.46793491E-07
   30.2500000      -4.25569311E-07
   30.5000000      -6.73856789E-07
   30.7500000      -9.71838972E-07
   31.0000000      -1.30544413E-06
   31.2500000      -1.66818540E-06
   31.5000000      -2.04551520E-06
   31.7500000      -2.40053623E-06
   32.0000000      -2.68561530E-06
   32.2500000      -2.87190755E-06
   32.5000000      -2.96198846E-06
   32.7500000      -2.97329007E-06
   33.0000000      -2.91809488E-06
   33.2500000      -2.80287213E-06
   33.5000000      -2.63755032E-06
   33.7500000      -2.43483828E-06
   34.0000000      -2.20136553E-06
   34.2500000      -1.94018321E-06
   34.5000000      -1.66839209E-06
   34.7500000      -1.42404360E-06
   35.0000000      -1.24250334E-06
   35.2500000      -1.12559383E-06
   35.5000000      -1.04214223E-06
   35.7500000      -9.58061037E-07
   36.0000000      -8.58832948E-07
   36.2500000      -7.45892919E-07
   36.5000000      -6.23538654E-07
   36.7500000      -4.95266590E-07
   37.0000000      -3.67118616E-07
   37.2500000      -2.45538729E-07
   37.5000000      -1.28896986E-07
   37.7500000      -5.97159788E-09
   38.0000000       1.31730573E-07
   38.2500000       2.77398328E-07
   38.5000000       4.12522240E-07
   38.7500000       5.21809909E-07
   39.0000000       6.01602608E-07
   39.2500000       6.56301495E-07
   39.5000000       6.92144226E-07
   39.7500000       7.15337876E-07
   40.0000000       7.32927901E-07
   40.2500000       7.52932749E-07
   40.5000000       7.82879454E-07
   40.7500000       8.27849931E-07
   41.0000000       8.89341550E-07
   41.2500000       9.65371555E-07
   41.5000000       1.05094352E-06
   41.7500000       1.13989711E-06
   42.0000000       1.23043560E-06
   42.2500000       1.33045103E-06
   42.5000000       1.45408251E-06
   42.7500000       1.60996342E-06
   43.0000000       1.79358335E-06
   43.2500000       1.99159194E-06
   43.5000000       2.19077560E-06
   43.7500000       2.38140206E-06
   44.0000000       2.55559826E-06
   44.2500000       2.70810210E-06
   44.5000000       2.84077464E-06
   44.7500000       2.96231701E-06
   45.0000000       3.07628147E-06
   45.2500000       3.16766182E-06
   45.5000000       3.20758591E-06
   45.7500000       3.17582430E-06
   46.0000000       3.07608502E-06
   46.2500000       2.92772052E-06
   46.5000000       2.74766535E-06
   46.7500000       2.54408747E-06
   47.0000000       2.32267416E-06
   47.2500000       2.09127461E-06
   47.5000000       1.85624549E-06
   47.7500000       1.61860760E-06
   48.0000000       1.37880556E-06
   48.2500000       1.14527120E-06
   48.5000000       9.33843012E-07
   48.7500000       7.55552890E-07
   49.0000000       6.05627633E-07
   49.2500000       4.65673764E-07
   49.5000000       3.16170912E-07
   49.7500000       1.47061073E-07
   50.0000000      -4.08379712E-08
   50.2500000      -2.41328308E-07
   50.5000000      -4.49754623E-07
   50.7500000      -6.67369761E-07
   51.0000000      -9.00550162E-07
   51.2500000      -1.15572493E-06
   51.5000000      -1.43485750E-06
   51.7500000      -1.73338276E-06
   52.0000000      -2.03747686E-06
   52.2500000      -2.32203274E-06
   52.5000000      -2.55677492E-06
   52.7500000      -2.72049169E-06
   53.0000000      -2.81169400E-06
   53.2500000      -2.84596445E-06
   53.5000000      -2.84197358E-06
   53.7500000      -2.80707695E-06
   54.0000000      -2.73416663E-06
   54.2500000      -2.61146192E-06
   54.5000000      -2.43419890E-06
   54.7500000      -2.20853553E-06
   55.0000000      -1.94984909E-06
   55.2500000      -1.67995142E-06
   55.5000000      -1.42160036E-06
   55.7500000      -1.19046604E-06
   56.0000000      -9.90478839E-07
   56.2500000      -8.15730289E-07
   56.5000000      -6.56266479E-07
   56.7500000      -5.04599825E-07
   57.0000000      -3.60198840E-07
   57.2500000      -2.28841415E-07
   57.5000000      -1.17348357E-07
   57.7500000      -2.82905450E-08
   58.0000000       4.19107984E-08
   58.2500000       1.00854514E-07
   58.5000000       1.54951579E-07
   58.7500000       2.05884959E-07
   59.0000000       2.54477925E-07
   59.2500000       3.08602182E-07
   59.5000000       3.83402579E-07
   59.7500000       4.90866796E-07
   60.0000000       6.31216096E-07
   60.2500000       7.96394090E-07
   60.5000000       9.79800575E-07
   60.7500000       1.18000321E-06
   61.0000000       1.39618135E-06
   61.2500000       1.62403626E-06
   61.5000000       1.85926194E-06
   61.7500000       2.10272333E-06
   62.0000000       2.35469929E-06
   62.2500000       2.60044499E-06
   62.5000000       2.80762674E-06
   62.7500000       2.94517213E-06
   63.0000000       3.00367446E-06
   63.2500000       2.99477597E-06
   63.5000000       2.93493849E-06
   63.7500000       2.83462850E-06
   64.0000000       2.69977318E-06
   64.2500000       2.53555504E-06
   64.5000000       2.34492973E-06
   64.7500000       2.12659188E-06
   65.0000000       1.88009551E-06
   65.2500000       1.61478329E-06
   65.5000000       1.35011157E-06
   65.7500000       1.10411850E-06
   66.0000000       8.82958489E-07
   66.2500000       6.82723112E-07
   66.5000000       4.98101826E-07
   66.7500000       3.26728610E-07
   67.0000000       1.68259518E-07
   67.2500000       2.39399771E-08
   67.5000000      -1.02288261E-07
   67.7500000      -2.04599488E-07
   68.0000000      -2.78699304E-07
   68.2500000      -3.24214454E-07
   68.5000000      -3.43182762E-07
   68.7500000      -3.36618143E-07
   69.0000000      -3.03752813E-07
   69.2500000      -2.44947302E-07
   69.5000000      -1.64153789E-07
   69.7500000      -6.77352219E-08
   70.0000000       3.83797243E-08
   70.2500000       1.49325729E-07
   70.5000000       2.59172339E-07
   70.7500000       3.59292329E-07
   71.0000000       4.40186227E-07
   71.2500000       4.95445079E-07
   71.5000000       5.23568588E-07
   71.7500000       5.26045653E-07
   72.0000000       5.04870172E-07
   72.2500000       4.62593192E-07
   72.5000000       4.03605213E-07
   72.7500000       3.33620306E-07
   73.0000000       2.57457117E-07
   73.2500000       1.78271634E-07
   73.5000000       9.97355230E-08
   73.7500000       2.81055872E-08
   74.0000000      -2.94020541E-08
   74.2500000      -6.85256154E-08
   74.5000000      -8.96860470E-08
   74.7500000      -9.62626387E-08
   75.0000000      -9.21507919E-08
   75.2500000      -8.08030904E-08
   75.5000000      -6.53073329E-08
   75.7500000      -4.84130425E-08
   76.0000000      -3.23407647E-08
   76.2500000      -1.88474196E-08
   76.5000000      -9.60110658E-09
   76.7500000      -6.13467588E-09
   77.0000000      -9.14057274E-09
   77.2500000      -1.81266202E-08
   77.5000000      -3.20660867E-08
   77.7500000      -4.99821304E-08
   78.0000000      -7.06453918E-08
   78.2500000      -9.22784480E-08
   78.5000000      -1.13104306E-07
   78.7500000      -1.32034970E-07
   79.0000000      -1.48667837E-07
   79.2500000      -1.62920344E-07
   79.5000000      -1.74783679E-07
   79.7500000      -1.84049654E-07
   80.0000000      -1.90045100E-07
   80.2500000      -1.91790534E-07
   80.5000000      -1.88572542E-07
   80.7500000      -1.80398530E-07
   81.0000000      -1.68223366E-07
   81.2500000      -1.54212415E-07
   81.5000000      -1.41596189E-07
   81.7500000      -1.33349161E-07
   82.0000000      -1.30349221E-07
   82.2500000      -1.31138378E-07
   82.5000000      -1.34213138E-07
   82.7500000      -1.40597834E-07
   83.0000000      -1.53552079E-07
   83.2500000      -1.75646804E-07
   83.5000000      -2.06678067E-07
   83.7500000      -2.44297297E-07
   84.0000000      -2.85378491E-07
   84.2500000      -3.25949259E-07
   84.5000000      -3.60923508E-07
   84.7500000      -3.85964114E-07
   85.0000000      -4.00326854E-07
   85.2500000      -4.06865553E-07
   85.5000000      -4.08375314E-07
   85.7500000      -4.04380785E-07
   86.0000000      -3.92067960E-07
   86.2500000      -3.69689474E-07
   86.5000000      -3.38191711E-07
   86.7500000      -3.00242959E-07
   87.0000000      -2.59223782E-07
   87.2500000      -2.19322061E-07
   87.5000000      -1.85040463E-07
   87.7500000      -1.59126870E-07
   88.0000000      -1.40829457E-07
   88.2500000      -1.26759346E-07
   88.5000000      -1.13794314E-07
   88.7500000      -1.01106423E-07
   89.0000000      -8.96961012E-08
   89.2500000      -8.08757505E-08
   89.5000000      -7.55317231E-08
   89.7500000      -7.38173256E-08
   90.0000000      -7.43759543E-08
   90.2500000      -7.39686854E-08
   90.5000000      -6.88133639E-08
   90.7500000      -5.69331355E-08
   91.0000000      -3.95006232E-08
   91.2500000      -2.01429611E-08
   91.5000000      -2.87972513E-09
   91.7500000       9.70589742E-09
   92.0000000       1.69498069E-08
   92.2500000       1.96636520E-08
   92.5000000       1.97228616E-08
   92.7500000       1.94524450E-08
   93.0000000       2.02364117E-08
   93.2500000       2.13915285E-08
   93.5000000       2.08565947E-08
   93.7500000       1.72614527E-08
   94.0000000       1.13759206E-08
   94.2500000       5.72293590E-09
   94.5000000       2.92379232E-09
   94.7500000       4.39947323E-09
   95.0000000       1.04937605E-08
   95.2500000       2.11693276E-08
   95.5000000       3.57446623E-08
   95.7500000       5.21474348E-08
   96.0000000       6.74904612E-08
   96.2500000       7.98076982E-08
   96.5000000       8.88028922E-08
   96.7500000       9.48364161E-08
   97.0000000       9.76842074E-08
   97.2500000       9.64938209E-08
   97.5000000       9.06864983E-08
   97.7500000       8.05553384E-08
   98.0000000       6.66915199E-08
   98.2500000       4.87724172E-08
   98.5000000       2.53306691E-08
   98.7500000      -4.93681185E-09
   99.0000000      -4.19159107E-08
   99.2500000      -8.43627816E-08
   99.5000000      -1.31016762E-07
   99.7500000      -1.81033798E-07
   100.000000      -2.33544455E-07
   100.250000      -2.87251140E-07
   100.500000      -3.40786386E-07
   100.750000      -3.93500414E-07
   101.000000      -4.45296706E-07
   101.250000      -4.94912513E-07
   101.500000      -5.38647043E-07
   101.750000      -5.71854116E-07
   102.000000      -5.91938601E-07
   102.250000      -5.99402597E-07
   102.500000      -5.96239204E-07
   102.750000      -5.84196300E-07
   103.000000      -5.64648531E-07
   103.250000      -5.39178586E-07
   103.500000      -5.09406277E-07
   103.750000      -4.76292712E-07
   104.000000      -4.40353517E-07
   104.250000      -4.02967629E-07
   104.500000      -3.66842471E-07
   104.750000      -3.34398436E-07
   105.000000      -3.05889955E-07
   105.250000      -2.79672690E-07
   105.500000      -2.54123847E-07
   105.750000      -2.28835376E-07
   106.000000      -2.04210878E-07
   106.250000      -1.80633265E-07
   106.500000      -1.58285971E-07
   106.750000      -1.37395730E-07
   107.000000      -1.18143696E-07
   107.250000      -1.00301804E-07
   107.500000      -8.34185698E-08
   107.750000      -6.76759342E-08
   108.000000      -5.43207612E-08
   108.250000      -4.49235316E-08
   108.500000      -4.01999536E-08
   108.750000      -3.95573778E-08
   109.000000      -4.15738910E-08
   109.250000      -4.47611086E-08
   109.500000      -4.79176592E-08
   109.750000      -4.99229422E-08
   110.000000      -4.95449335E-08
   110.250000      -4.58336444E-08
   110.500000      -3.86953651E-08
   110.750000      -2.87623241E-08
   111.000000      -1.66541394E-08
   111.250000      -2.59858979E-09
   111.500000       1.32647928E-08
   111.750000       3.05657508E-08
   112.000000       4.88251217E-08
   112.250000       6.75904630E-08
   112.500000       8.61498037E-08
   112.750000       1.03213516E-07
   113.000000       1.17215720E-07
   113.250000       1.27104656E-07
   113.500000       1.32791939E-07
   113.750000       1.34858197E-07
   114.000000       1.34055668E-07
   114.250000       1.31160405E-07
   114.500000       1.26898485E-07
   114.750000       1.21532850E-07
   115.000000       1.14568635E-07
   115.250000       1.05289899E-07
   115.500000       9.37317424E-08
   115.750000       8.09098282E-08
   116.000000       6.80671803E-08
   116.250000       5.59954785E-08
   116.500000       4.51741045E-08
   116.750000       3.61408432E-08
   117.000000       2.93077509E-08
   117.250000       2.45507596E-08
   117.500000       2.14325908E-08
   117.750000       1.99622647E-08
   118.000000       2.08411279E-08
   118.250000       2.47518877E-08
   118.500000       3.15166595E-08
   118.750000       4.00369515E-08
   119.000000       4.88935541E-08
   119.250000       5.68897924E-08
   119.500000       6.32276809E-08
   119.750000       6.75495571E-08
   120.000000       6.99835496E-08
   120.250000       7.09776558E-08
   120.500000       7.08458714E-08
   120.750000       6.94404463E-08
   121.000000       6.63741346E-08
   121.250000       6.15964666E-08
   121.500000       5.57692701E-08
   121.750000       5.01789543E-08
   122.000000       4.63170693E-08
   122.250000       4.53715536E-08
   122.500000       4.78353925E-08
   122.750000       5.33560929E-08
   123.000000       6.09080715E-08
   123.250000       6.93770090E-08
   123.500000       7.82955993E-08
   123.750000       8.79191759E-08
   124.000000       9.83844473E-08
   124.250000       1.09229802E-07
   124.500000       1.20115288E-07
   124.750000       1.30851305E-07
   125.000000       1.39664067E-07
   125.250000       1.43910341E-07
   125.500000       1.45077465E-07
   125.750000       1.48057083E-07
   126.000000       1.50089932E-07
   126.250000       1.41657154E-07
   126.500000       1.30260659E-07
   126.750000       1.38331046E-07
   127.000000       1.51506867E-07
   127.250000       1.22294736E-07
   127.500000       5.69668330E-08
   127.750000       1.12499796E-08
