-1.912726901309724781e-07
-3.881240928649276611e-08
2.597776358470582636e-07
4.791163519257679582e-07
6.941405672478140332e-07
7.628399316672584973e-07
6.751308774255448952e-07
4.187018873835768318e-07
1.771016826523919008e-07
1.171606243133282987e-07
1.950127028749193414e-07
2.567441867995512439e-07
1.487535286059937789e-07
-8.693150022054396686e-08
-3.925146927485911874e-07
-7.106276598278782330e-07
-1.078884338312491309e-06
-1.425000164090306498e-06
-1.655371647757419851e-06
-1.677231580288207624e-06
-1.517293867436819710e-06
-1.222395098920969758e-06
-8.160684501490322873e-07
-3.204849861049297033e-07
2.009330728469649330e-07
6.404394525816314854e-07
8.892402547644451261e-07
9.029049010678136256e-07
7.303565325855743140e-07
4.588875981426099315e-07
1.489955252509389538e-07
-1.498992219239880797e-07
-3.731773858817177825e-07
-4.734285994345555082e-07
-4.279169161236495711e-07
-2.154260414499731269e-07
1.245178538056279649e-07
4.344312856119358912e-07
5.407944172475254163e-07
3.999004150045948336e-07
1.338705430953268660e-07
-2.329788628685491858e-08
1.672047602596649085e-07
8.705864615876635071e-07
2.232884980912785977e-06
4.461321623239200562e-06
7.707700206083245575e-06
1.180180242954520509e-05
1.619437716726679355e-05
2.027171467489097267e-05
2.370035508647561073e-05
2.643452717165928334e-05
2.847945688699837774e-05
2.974325252580456436e-05
3.008466956089250743e-05
2.941739148809574544e-05
2.777472400339320302e-05
2.532419966883026063e-05
2.231693179055582732e-05
1.900321876746602356e-05
1.558967596793081611e-05
1.225204414367908612e-05
9.126893928623758256e-06
6.240415586944436654e-06
3.508733470880542882e-06
8.857626880853786133e-07
-1.536321065032097977e-06
-3.573172307369532064e-06
-5.011191205994691700e-06
-5.671337476087501273e-06
-5.532313480216544122e-06
-4.807063760381424800e-06
-3.856451712636044249e-06
-3.018299821633263491e-06
-2.528710410842904821e-06
-2.529871608203393407e-06
-3.000311153300572187e-06
-3.677106178656686097e-06
-4.198258011456346139e-06
-4.418713160703191534e-06
-4.557155079965014011e-06
-4.946249646309297532e-06
-5.655367203871719539e-06
-6.511856554425321519e-06
-7.495437330362619832e-06
-8.861366950441151857e-06
-1.080684887710958719e-05
-1.324085860687773675e-05
-1.597022674104664475e-05
-1.893742046377155930e-05
-2.214076630480121821e-05
-2.541173125791829079e-05
-2.838429463736247271e-05
-3.062489122385159135e-05
-3.178982296958565712e-05
-3.183033913956023753e-05
-3.105659561697393656e-05
-2.988521191582549363e-05
-2.860845415852963924e-05
-2.741463504207786173e-05
-2.638150726852472872e-05
-2.536549800424836576e-05
-2.403849066467955709e-05
-2.211741048085968941e-05
-1.957963468157686293e-05
-1.664959381741937250e-05
-1.361380145681323484e-05
-1.074283318303059787e-05
-8.286652700917329639e-06
-6.351195224851835519e-06
-4.833553248317912221e-06
-3.565180350051377900e-06
-2.416813458694377914e-06
-1.220924104927689768e-06
2.514442769552260870e-07
2.083190111079602502e-06
4.032824108435306698e-06
5.702829639631090686e-06
6.852455953776370734e-06
7.475519396393792704e-06
7.716117579548154026e-06
7.781605745549313724e-06
7.772640856273937970e-06
7.601752713526366279e-06
7.195922535174759105e-06
6.681679678877117112e-06
6.330244559649145231e-06
6.400045094778761268e-06
6.946920620976015925e-06
7.741905392322223634e-06
8.469890417472925037e-06
8.965211236500181258e-06
9.193678124574944377e-06
9.087396392715163529e-06
8.497280759911518544e-06
7.385713615803979337e-06
6.023034075042232871e-06
4.845580406254157424e-06
4.086831722815986723e-06
3.652891564343008213e-06
3.421592055019573309e-06
3.509800990286748856e-06
4.056444595335051417e-06
4.895400252280524001e-06
5.659982889483217150e-06
6.093977845011977479e-06
6.157560164865572006e-06
5.930535280640469864e-06
5.455595328385243192e-06
4.693326900451211259e-06
3.696402472996851429e-06
2.718767746046069078e-06
1.984145910682855174e-06
1.450945887881971430e-06
9.456352358938602265e-07
3.981605800618126523e-07
-1.645801859240236809e-07
-7.378831696769339032e-07
-1.386659391755529214e-06
-2.193913132941816002e-06
-3.076201892326935194e-06
-3.681710950331762433e-06
-3.684709326989832334e-06
-3.141495199088240042e-06
-2.338115564270992763e-06
-1.439729203411843628e-06
-5.039559596298204269e-07
3.874721414831583388e-07
1.180701019620755687e-06
1.857328470578067936e-06
2.360689677516347729e-06
2.643706466187722981e-06
2.715198888836312108e-06
2.556818571974872611e-06
2.097052629324025474e-06
1.257599819837196264e-06
1.409523804341006326e-07
-1.283506094296171796e-06
-2.774972244878881611e-06
-4.268636985216289759e-06
-5.528708243218716234e-06
-6.613312052650144324e-06
-7.367906164290616289e-06
-7.894250302342697978e-06
-8.051899385463912040e-06
-7.864912731747608632e-06
-7.261203336383914575e-06
-6.187122835399350151e-06
-4.779619303008075804e-06
-2.838670752680627629e-06
-8.133532674037269317e-07
1.558499775455857161e-06
3.115875642833998427e-06
4.698124485003063455e-06
4.908374648948665708e-06
6.420123099815100431e-06
3.800659442276810296e-06
3.800659442276810296e-06
3.800659442276810296e-06
3.800659442276810296e-06
3.800659442276810296e-06