   0.00000000      -3.87169030E-06
  0.250000000      -5.83617521E-06
  0.500000000      -7.82148800E-06
  0.750000000      -9.82716392E-06
   1.00000000      -1.18518328E-05
   1.25000000      -1.38955438E-05
   1.50000000      -1.59592273E-05
   1.75000000      -1.80419956E-05
   2.00000000      -2.01425082E-05
   2.25000000      -2.22603030E-05
   2.50000000      -2.43954037E-05
   2.75000000      -2.65482686E-05
   3.00000000      -2.87184466E-05
   3.25000000      -3.09055067E-05
   3.50000000      -3.31094307E-05
   3.75000000      -3.53298165E-05
   4.00000000      -3.75670897E-05
   4.25000000      -3.98203956E-05
   4.50000000      -4.20897886E-05
   4.75000000      -4.43743884E-05
   5.00000000      -4.66728161E-05
   5.25000000      -4.89841987E-05
   5.50000000      -5.13094274E-05
   5.75000000      -5.36484913E-05
   6.00000000      -5.60011831E-05
   6.25000000      -5.83678193E-05
   6.50000000      -6.07427100E-05
   6.75000000      -6.31269650E-05
   7.00000000      -6.55296753E-05
   7.25000000      -6.79488876E-05
   7.50000000      -7.03675541E-05
   7.75000000      -7.27843944E-05
   8.00000000      -7.52358392E-05
   8.25000000      -7.77219975E-05
   8.50000000      -8.01558854E-05
   8.75000000      -8.25371899E-05
   9.00000000      -8.51801087E-05
   9.25000000      -8.85922927E-05
   9.50000000      -9.30959068E-05
   9.75000000      -9.86970117E-05
   10.0000000      -1.05322426E-04
   10.2500000      -1.13070157E-04
   10.5000000      -1.22260113E-04
   10.7500000      -1.33403388E-04
   11.0000000      -1.47276078E-04
   11.2500000      -1.65143225E-04
   11.5000000      -1.88810576E-04
   11.7500000      -2.20141083E-04
   12.0000000      -2.60438537E-04
   12.2500000      -3.10534029E-04
   12.5000000      -3.71417409E-04
   12.7500000      -4.44387813E-04
   13.0000000      -5.30527206E-04
   13.2500000      -6.30245311E-04
   13.5000000      -7.43229815E-04
   13.7500000      -8.68458941E-04
   14.0000000      -1.00404082E-03
   14.2500000      -1.14704226E-03
   14.5000000      -1.29358470E-03
   14.7500000      -1.43932877E-03
   15.0000000      -1.58005371E-03
   15.2500000      -1.71187508E-03
   15.5000000      -1.83115748E-03
   15.7500000      -1.93459785E-03
   16.0000000      -2.01955508E-03
   16.2500000      -2.08427641E-03
   16.5000000      -2.12788093E-03
   16.7500000      -2.15030950E-03
   17.0000000      -2.15233117E-03
   17.2500000      -2.13551568E-03
   17.5000000      -2.10208795E-03
   17.7500000      -2.05470389E-03
   18.0000000      -1.99623290E-03
   18.2500000      -1.92953739E-03
   18.5000000      -1.85728760E-03
   18.7500000      -1.78186118E-03
   19.0000000      -1.70526281E-03
   19.2500000      -1.62909483E-03
   19.5000000      -1.55459112E-03
   19.7500000      -1.48265332E-03
   20.0000000      -1.41391100E-03
   20.2500000      -1.34877278E-03
   20.5000000      -1.28745381E-03
   20.7500000      -1.23002031E-03
   21.0000000      -1.17645040E-03
   21.2500000      -1.12663850E-03
   21.5000000      -1.08043093E-03
   21.7500000      -1.03765877E-03
   22.0000000      -9.98113537E-04
   22.2500000      -9.61561280E-04
   22.5000000      -9.27708228E-04
   22.7500000      -8.96096171E-04
   23.0000000      -8.65889422E-04
   23.2500000      -8.35619867E-04
   23.5000000      -8.03017872E-04
   23.7500000      -7.64923985E-04
   24.0000000      -7.17407558E-04
   24.2500000      -6.56090851E-04
   24.5000000      -5.76494960E-04
   24.7500000      -4.74396307E-04
   25.0000000      -3.46131739E-04
   25.2500000      -1.88814854E-04
   25.5000000      -4.98526560E-07
   25.7500000       2.19622772E-04
   26.0000000       4.70863684E-04
   26.2500000       7.50660256E-04
   26.5000000       1.05428998E-03
   26.7500000       1.37487205E-03
   27.0000000       1.70370343E-03
   27.2500000       2.03092629E-03
   27.5000000       2.34636455E-03
   27.7500000       2.64030439E-03
   28.0000000       2.90411129E-03
   28.2500000       3.13064363E-03
   28.5000000       3.31447623E-03
   28.7500000       3.45200626E-03
   29.0000000       3.54151661E-03
   29.2500000       3.58321029E-03
   29.5000000       3.57918628E-03
   29.7500000       3.53327044E-03
   30.0000000       3.45067075E-03
   30.2500000       3.33750504E-03
   30.5000000       3.20028095E-03
   30.7500000       3.04541551E-03
   31.0000000       2.87885033E-03
   31.2500000       2.70579732E-03
   31.5000000       2.53062230E-03
   31.7500000       2.35682121E-03
   32.0000000       2.18706136E-03
   32.2500000       2.02328223E-03
   32.5000000       1.86681491E-03
   32.7500000       1.71849201E-03
   33.0000000       1.57875125E-03
   33.2500000       1.44772325E-03
   33.5000000       1.32531708E-03
   33.7500000       1.21129758E-03
   34.0000000       1.10532320E-03
   34.2500000       1.00697670E-03
   34.5000000       9.15812619E-04
   34.7500000       8.31371988E-04
   35.0000000       7.53180007E-04
   35.2500000       6.80777419E-04
   35.5000000       6.13737211E-04
   35.7500000       5.51653153E-04
   36.0000000       4.94140375E-04
   36.2500000       4.40836768E-04
   36.5000000       3.91404028E-04
   36.7500000       3.45526176E-04
   37.0000000       3.02914472E-04
   37.2500000       2.63313646E-04
   37.5000000       2.26484437E-04
   37.7500000       1.92200896E-04
   38.0000000       1.60264157E-04
   38.2500000       1.30504501E-04
   38.5000000       1.02751917E-04
   38.7500000       7.68417303E-05
   39.0000000       5.26385447E-05
   39.2500000       3.00179527E-05
   39.5000000       8.85895861E-06
   39.7500000      -1.09433931E-05
   40.0000000      -2.94858091E-05
   40.2500000      -4.68632643E-05
   40.5000000      -6.31545627E-05
   40.7500000      -7.84320146E-05
   41.0000000      -9.27697911E-05
   41.2500000      -1.06228472E-04
   41.5000000      -1.18860946E-04
   41.7500000      -1.30724744E-04
   42.0000000      -1.41871104E-04
   42.2500000      -1.52344466E-04
   42.5000000      -1.62189230E-04
   42.7500000      -1.71440726E-04
   43.0000000      -1.80133953E-04
   43.2500000      -1.88307386E-04
   43.5000000      -1.95986722E-04
   43.7500000      -2.03196163E-04
   44.0000000      -2.09967271E-04
   44.2500000      -2.16326938E-04
   44.5000000      -2.22295261E-04
   44.7500000      -2.27894037E-04
   45.0000000      -2.33139319E-04
   45.2500000      -2.38046778E-04
   45.5000000      -2.42642069E-04
   45.7500000      -2.46940617E-04
   46.0000000      -2.50951707E-04
   46.2500000      -2.54692161E-04
   46.5000000      -2.58178567E-04
   46.7500000      -2.61419453E-04
   47.0000000      -2.64423375E-04
   47.2500000      -2.67202442E-04
   47.5000000      -2.69768992E-04
   47.7500000      -2.72135308E-04
   48.0000000      -2.74308230E-04
   48.2500000      -2.76292878E-04
   48.5000000      -2.78098974E-04
   48.7500000      -2.79733358E-04
   49.0000000      -2.81201239E-04
   49.2500000      -2.82509369E-04
   49.5000000      -2.83663860E-04
   49.7500000      -2.84675363E-04
   50.0000000      -2.85549933E-04
   50.2500000      -2.86290218E-04
   50.5000000      -2.86900409E-04
   50.7500000      -2.87383853E-04
   51.0000000      -2.87746021E-04
   51.2500000      -2.87994713E-04
   51.5000000      -2.88129580E-04
   51.7500000      -2.88154260E-04
   52.0000000      -2.88078852E-04
   52.2500000      -2.87905656E-04
   52.5000000      -2.87636300E-04
   52.7500000      -2.87271570E-04
   53.0000000      -2.86814437E-04
   53.2500000      -2.86268303E-04
   53.5000000      -2.85637769E-04
   53.7500000      -2.84927548E-04
   54.0000000      -2.84137117E-04
   54.2500000      -2.83268630E-04
   54.5000000      -2.82326480E-04
   54.7500000      -2.81311921E-04
   55.0000000      -2.80228065E-04
   55.2500000      -2.79076659E-04
   55.5000000      -2.77858839E-04
   55.7500000      -2.76576815E-04
   56.0000000      -2.75233731E-04
   56.2500000      -2.73833575E-04
   56.5000000      -2.72374804E-04
   56.7500000      -2.70858378E-04
   57.0000000      -2.69288284E-04
   57.2500000      -2.67666212E-04
   57.5000000      -2.65991577E-04
   57.7500000      -2.64266593E-04
   58.0000000      -2.62495741E-04
   58.2500000      -2.60680856E-04
   58.5000000      -2.58820452E-04
   58.7500000      -2.56913714E-04
   59.0000000      -2.54964369E-04
   59.2500000      -2.52975413E-04
   59.5000000      -2.50945945E-04
   59.7500000      -2.48876953E-04
   60.0000000      -2.46770622E-04
   60.2500000      -2.44628347E-04
   60.5000000      -2.42452996E-04
   60.7500000      -2.40244350E-04
   61.0000000      -2.38001347E-04
   61.2500000      -2.35725718E-04
   61.5000000      -2.33420651E-04
   61.7500000      -2.31088110E-04
   62.0000000      -2.28728095E-04
   62.2500000      -2.26340169E-04
   62.5000000      -2.23925395E-04
   62.7500000      -2.21485840E-04
   63.0000000      -2.19021225E-04
   63.2500000      -2.16531786E-04
   63.5000000      -2.14019587E-04
   63.7500000      -2.11485123E-04
   64.0000000      -2.08929036E-04
   64.2500000      -2.06353565E-04
   64.5000000      -2.03759671E-04
   64.7500000      -2.01147981E-04
   65.0000000      -1.98519527E-04
   65.2500000      -1.95874367E-04
   65.5000000      -1.93211730E-04
   65.7500000      -1.90533945E-04
   66.0000000      -1.87845260E-04
   66.2500000      -1.85144032E-04
   66.5000000      -1.82426505E-04
   66.7500000      -1.79695155E-04
   67.0000000      -1.76954869E-04
   67.2500000      -1.74206434E-04
   67.5000000      -1.71448162E-04
   67.7500000      -1.68678976E-04
   68.0000000      -1.65900361E-04
   68.2500000      -1.63115372E-04
   68.5000000      -1.60325391E-04
   68.7500000      -1.57529299E-04
   69.0000000      -1.54725887E-04
   69.2500000      -1.51916131E-04
   69.5000000      -1.49102154E-04
   69.7500000      -1.46285573E-04
   70.0000000      -1.43468395E-04
   70.2500000      -1.40650445E-04
   70.5000000      -1.37829353E-04
   70.7500000      -1.35005583E-04
   71.0000000      -1.32181827E-04
   71.2500000      -1.29358727E-04
   71.5000000      -1.26535087E-04
   71.7500000      -1.23711710E-04
   72.0000000      -1.20890560E-04
   72.2500000      -1.18072370E-04
   72.5000000      -1.15257346E-04
   72.7500000      -1.12444344E-04
   73.0000000      -1.09633358E-04
   73.2500000      -1.06828040E-04
   73.5000000      -1.04029605E-04
   73.7500000      -1.01236343E-04
   74.0000000      -9.84473518E-05
   74.2500000      -9.56635922E-05
   74.5000000      -9.28887748E-05
   74.7500000      -9.01247331E-05
   75.0000000      -8.73684476E-05
   75.2500000      -8.46173716E-05
   75.5000000      -8.18739936E-05
   75.7500000      -7.91414277E-05
   76.0000000      -7.64198558E-05
   76.2500000      -7.37094015E-05
   76.5000000      -7.10107197E-05
   76.7500000      -6.83211620E-05
   77.0000000      -6.56402553E-05
   77.2500000      -6.29724891E-05
   77.5000000      -6.03203953E-05
   77.7500000      -5.76838029E-05
   78.0000000      -5.50601253E-05
   78.2500000      -5.24473035E-05
   78.5000000      -4.98483023E-05
   78.7500000      -4.72655738E-05
   79.0000000      -4.46979320E-05
   79.2500000      -4.21448858E-05
   79.5000000      -3.96080577E-05
   79.7500000      -3.70892340E-05
   80.0000000      -3.45872286E-05
   80.2500000      -3.21013322E-05
   80.5000000      -2.96334074E-05
   80.7500000      -2.71850167E-05
   81.0000000      -2.47545195E-05
   81.2500000      -2.23412899E-05
   81.5000000      -1.99470796E-05
   81.7500000      -1.75716377E-05
   82.0000000      -1.52154316E-05
   82.2500000      -1.28793381E-05
   82.5000000      -1.05630534E-05
   82.7500000      -8.26676296E-06
   83.0000000      -5.99256464E-06
   83.2500000      -3.74204274E-06
   83.5000000      -1.51333666E-06
   83.7500000       6.94947744E-07
   84.0000000       2.88122737E-06
   84.2500000       5.04342916E-06
   84.5000000       7.18154797E-06
   84.7500000       9.29741600E-06
   85.0000000       1.13917886E-05
   85.2500000       1.34635538E-05
   85.5000000       1.55101552E-05
   85.7500000       1.75307305E-05
   86.0000000       1.95277789E-05
   86.2500000       2.15015680E-05
   86.5000000       2.34507716E-05
   86.7500000       2.53737671E-05
   87.0000000       2.72699399E-05
   87.2500000       2.91406559E-05
   87.5000000       3.09852257E-05
   87.7500000       3.28024980E-05
   88.0000000       3.45927219E-05
   88.2500000       3.63568870E-05
   88.5000000       3.80947495E-05
   88.7500000       3.98037664E-05
   89.0000000       4.14835122E-05
   89.2500000       4.31363223E-05
   89.5000000       4.47626226E-05
   89.7500000       4.63597135E-05
   90.0000000       4.79269256E-05
   90.2500000       4.94651831E-05
   90.5000000       5.09747188E-05
   90.7500000       5.24548304E-05
   91.0000000       5.39048415E-05
   91.2500000       5.53255159E-05
   91.5000000       5.67172974E-05
   91.7500000       5.80780979E-05
   92.0000000       5.94070334E-05
   92.2500000       6.07061411E-05
   92.5000000       6.19759157E-05
   92.7500000       6.32157316E-05
   93.0000000       6.44237516E-05
   93.2500000       6.55988551E-05
   93.5000000       6.67419299E-05
   93.7500000       6.78534052E-05
   94.0000000       6.89335575E-05
   94.2500000       6.99828815E-05
   94.5000000       7.09999949E-05
   94.7500000       7.19835080E-05
   95.0000000       7.29339081E-05
   95.2500000       7.38530653E-05
   95.5000000       7.47402664E-05
   95.7500000       7.55931324E-05
   96.0000000       7.64116558E-05
   96.2500000       7.71976047E-05
   96.5000000       7.79514448E-05
   96.7500000       7.86706296E-05
   97.0000000       7.93540166E-05
   97.2500000       8.00037014E-05
   97.5000000       8.06212774E-05
   97.7500000       8.12047801E-05
   98.0000000       8.17524124E-05
   98.2500000       8.22660440E-05
   98.5000000       8.27462500E-05
   98.7500000       8.31909783E-05
   99.0000000       8.35992905E-05
   99.2500000       8.39721251E-05
   99.5000000       8.43108865E-05
   99.7500000       8.46147450E-05
   100.000000       8.48821001E-05
   100.250000       8.51133154E-05
   100.500000       8.53098027E-05
   100.750000       8.54711834E-05
   101.000000       8.55954422E-05
   101.250000       8.56827464E-05
   101.500000       8.57342093E-05
   101.750000       8.57495324E-05
   102.000000       8.57274645E-05
   102.250000       8.56680635E-05
   102.500000       8.55722392E-05
   102.750000       8.54399768E-05
   103.000000       8.52709782E-05
   103.250000       8.50651049E-05
   103.500000       8.48218915E-05
   103.750000       8.45402537E-05
   104.000000       8.42205482E-05
   104.250000       8.38633423E-05
   104.500000       8.34685852E-05
   104.750000       8.30363206E-05
   105.000000       8.25666284E-05
   105.250000       8.20589703E-05
   105.500000       8.15121457E-05
   105.750000       8.09258345E-05
   106.000000       8.03009680E-05
   106.250000       7.96385502E-05
   106.500000       7.89383485E-05
   106.750000       7.81993585E-05
   107.000000       7.74215077E-05
   107.250000       7.66053417E-05
   107.500000       7.57506787E-05
   107.750000       7.48566599E-05
   108.000000       7.39230600E-05
   108.250000       7.29500025E-05
   108.500000       7.19375676E-05
   108.750000       7.08853549E-05
   109.000000       6.97927244E-05
   109.250000       6.86601416E-05
   109.500000       6.74886760E-05
   109.750000       6.62783641E-05
   110.000000       6.50280272E-05
   110.250000       6.37369158E-05
   110.500000       6.24055465E-05
   110.750000       6.10342540E-05
   111.000000       5.96223472E-05
   111.250000       5.81694985E-05
   111.500000       5.66761628E-05
   111.750000       5.51424673E-05
   112.000000       5.35680192E-05
   112.250000       5.19525274E-05
   112.500000       5.02957519E-05
   112.750000       4.85980527E-05
   113.000000       4.68600156E-05
   113.250000       4.50811240E-05
   113.500000       4.32604829E-05
   113.750000       4.13982125E-05
   114.000000       3.94944036E-05
   114.250000       3.75490854E-05
   114.500000       3.55625561E-05
   114.750000       3.35342920E-05
   115.000000       3.14636127E-05
   115.250000       2.93508656E-05
   115.500000       2.71964964E-05
   115.750000       2.50003941E-05
   116.000000       2.27623404E-05
   116.250000       2.04823664E-05
   116.500000       1.81603573E-05
   116.750000       1.57955237E-05
   117.000000       1.33876429E-05
   117.250000       1.09369430E-05
   117.500000       8.44362148E-06
   117.750000       5.90745458E-06
   118.000000       3.32906075E-06
   118.250000       7.08679124E-07
   118.500000      -1.95517964E-06
   118.750000      -4.66343954E-06
   119.000000      -7.41529220E-06
   119.250000      -1.02095892E-05
   119.500000      -1.30466779E-05
   119.750000      -1.59276096E-05
   120.000000      -1.88524464E-05
   120.250000      -2.18198911E-05
   120.500000      -2.48306969E-05
   120.750000      -2.78869811E-05
   121.000000      -3.09873649E-05
   121.250000      -3.41284212E-05
   121.500000      -3.73128714E-05
   121.750000      -4.05494029E-05
   122.000000      -4.38315947E-05
   122.250000      -4.71400381E-05
   122.500000      -5.04895252E-05
   122.750000      -5.39226203E-05
   123.000000      -5.74084770E-05
   123.250000      -6.08525879E-05
   123.500000      -6.43210369E-05
   123.750000      -6.80237354E-05
   124.000000      -7.18176670E-05
   124.250000      -7.52377746E-05
   124.500000      -7.85974189E-05
   124.750000      -8.29283235E-05
   125.000000      -8.75441910E-05
   125.250000      -9.01571839E-05
   125.500000      -9.22704494E-05
   125.750000      -9.89584296E-05
   126.000000      -1.06932210E-04
   126.250000      -1.04940053E-04
   126.500000      -1.00130783E-04
   126.750000      -1.17393691E-04
   127.000000      -1.42281904E-04
   127.250000      -1.21592886E-04
   127.500000      -5.83143192E-05
   127.750000      -1.17013587E-05
