   0.00000000      -3.57992285E-05
  0.250000000      -3.52684947E-05
  0.500000000      -3.47286914E-05
  0.750000000      -3.41791419E-05
   1.00000000      -3.36198173E-05
   1.25000000      -3.30511721E-05
   1.50000000      -3.24739158E-05
   1.75000000      -3.18882339E-05
   2.00000000      -3.12930097E-05
   2.25000000      -3.06886977E-05
   2.50000000      -3.00757238E-05
   2.75000000      -2.94538913E-05
   3.00000000      -2.88236333E-05
   3.25000000      -2.81844550E-05
   3.50000000      -2.75364127E-05
   3.75000000      -2.68808435E-05
   4.00000000      -2.62168069E-05
   4.25000000      -2.55438426E-05
   4.50000000      -2.48631168E-05
   4.75000000      -2.41753351E-05
   5.00000000      -2.34795116E-05
   5.25000000      -2.27742166E-05
   5.50000000      -2.20614038E-05
   5.75000000      -2.13441308E-05
   6.00000000      -2.06191089E-05
   6.25000000      -1.98809266E-05
   6.50000000      -1.91377330E-05
   6.75000000      -1.83996799E-05
   7.00000000      -1.76502072E-05
   7.25000000      -1.68687748E-05
   7.50000000      -1.60894870E-05
   7.75000000      -1.53595320E-05
   8.00000000      -1.46049870E-05
   8.25000000      -1.37212755E-05
   8.50000000      -1.28732099E-05
   8.75000000      -1.22916554E-05
   9.00000000      -1.15977873E-05
   9.25000000      -1.02325976E-05
   9.50000000      -8.99392671E-06
   9.75000000      -8.81837786E-06
   10.0000000      -5.09848951E-06
   10.2500000       1.57207705E-05
   10.5000000       7.00294258E-05
   10.7500000       1.66281141E-04
   11.0000000       3.01378925E-04
   11.2500000       4.66724392E-04
   11.5000000       6.55213837E-04
   11.7500000       8.62213608E-04
   12.0000000       1.08300231E-03
   12.2500000       1.31321058E-03
   12.5000000       1.55214593E-03
   12.7500000       1.80014968E-03
   13.0000000       2.04675272E-03
   13.2500000       2.26378697E-03
   13.5000000       2.41781538E-03
   13.7500000       2.49150791E-03
   14.0000000       2.49037263E-03
   14.2500000       2.43089930E-03
   14.5000000       2.32748222E-03
   14.7500000       2.18984159E-03
   15.0000000       2.02605873E-03
   15.2500000       1.84298283E-03
   15.5000000       1.64426176E-03
   15.7500000       1.43195502E-03
   16.0000000       1.21300691E-03
   16.2500000       1.00284268E-03
   16.5000000       8.19206121E-04
   16.7500000       6.71670598E-04
   17.0000000       5.58081432E-04
   17.2500000       4.69758292E-04
   17.5000000       3.97938100E-04
   17.7500000       3.36358498E-04
   18.0000000       2.81083834E-04
   18.2500000       2.29858153E-04
   18.5000000       1.81580821E-04
   18.7500000       1.35826907E-04
   19.0000000       9.22598119E-05
   19.2500000       5.01189752E-05
   19.5000000       8.81558844E-06
   19.7500000      -3.09762909E-05
   20.0000000      -6.90472079E-05
   20.2500000      -1.10524976E-04
   20.5000000      -1.67578371E-04
   20.7500000      -2.53167207E-04
   21.0000000      -3.72571521E-04
   21.2500000      -5.22008981E-04
   21.5000000      -6.94412331E-04
   21.7500000      -8.84567853E-04
   22.0000000      -1.08891679E-03
   22.2500000      -1.30340294E-03
   22.5000000      -1.52488006E-03
   22.7500000      -1.75389927E-03
   23.0000000      -1.98988640E-03
   23.2500000      -2.21891142E-03
   23.5000000      -2.41043977E-03
   23.7500000      -2.53335200E-03
   24.0000000      -2.57571251E-03
   24.2500000      -2.54678121E-03
   24.5000000      -2.46330700E-03
   24.7500000      -2.33844738E-03
   25.0000000      -2.18124362E-03
   25.2500000      -1.99957797E-03
   25.5000000      -1.79968716E-03
   25.7500000      -1.58442056E-03
   26.0000000      -1.35628390E-03
   26.2500000      -1.12448772E-03
   26.5000000      -9.06665926E-04
   26.7500000      -7.20238662E-04
   27.0000000      -5.72143006E-04
   27.2500000      -4.58083348E-04
   27.5000000      -3.69763817E-04
   27.7500000      -3.00550542E-04
   28.0000000      -2.45926261E-04
   28.2500000      -2.02286916E-04
   28.5000000      -1.66767786E-04
   28.7500000      -1.37430630E-04
   29.0000000      -1.12977999E-04
   29.2500000      -9.23914486E-05
   29.5000000      -7.48584789E-05
   29.7500000      -5.97865073E-05
   30.0000000      -4.67381869E-05
   30.2500000      -3.53601608E-05
   30.5000000      -2.53650342E-05
   30.7500000      -1.65307702E-05
   31.0000000      -8.68443294E-06
   31.2500000      -1.67915687E-06
   31.5000000       4.60738283E-06
   31.7500000       1.02748772E-05
   32.0000000       1.54072786E-05
   32.2500000       2.00717768E-05
   32.5000000       2.43237519E-05
   32.7500000       2.82116252E-05
   33.0000000       3.17772101E-05
   33.2500000       3.50562004E-05
   33.5000000       3.80810525E-05
   33.7500000       4.08805718E-05
   34.0000000       4.34747344E-05
   34.2500000       4.58827053E-05
   34.5000000       4.81222596E-05
   34.7500000       5.02087278E-05
   35.0000000       5.21578331E-05
   35.2500000       5.39803950E-05
   35.5000000       5.56864434E-05
   35.7500000       5.72865320E-05
   36.0000000       5.87888571E-05
   36.2500000       6.01985339E-05
   36.5000000       6.15235112E-05
   36.7500000       6.27715999E-05
   37.0000000       6.39466671E-05
   37.2500000       6.50544534E-05
   37.5000000       6.61002341E-05
   37.7500000       6.70865702E-05
   38.0000000       6.80155936E-05
   38.2500000       6.88907239E-05
   38.5000000       6.97154610E-05
   38.7500000       7.04937702E-05
   39.0000000       7.12285109E-05
   39.2500000       7.19216987E-05
   39.5000000       7.25745340E-05
   39.7500000       7.31868931E-05
   40.0000000       7.37621449E-05
   40.2500000       7.43043129E-05
   40.5000000       7.48140155E-05
   40.7500000       7.52907217E-05
   41.0000000       7.57352827E-05
   41.2500000       7.61504198E-05
   41.5000000       7.65378354E-05
   41.7500000       7.68968093E-05
   42.0000000       7.72284475E-05
   42.2500000       7.75351946E-05
   42.5000000       7.78174654E-05
   42.7500000       7.80756745E-05
   43.0000000       7.83102660E-05
   43.2500000       7.85223529E-05
   43.5000000       7.87125828E-05
   43.7500000       7.88806865E-05
   44.0000000       7.90272970E-05
   44.2500000       7.91537968E-05
   44.5000000       7.92610372E-05
   44.7500000       7.93488216E-05
   45.0000000       7.94173393E-05
   45.2500000       7.94663210E-05
   45.5000000       7.94962107E-05
   45.7500000       7.95087690E-05
   46.0000000       7.95044689E-05
   46.2500000       7.94835214E-05
   46.5000000       7.94456719E-05
   46.7500000       7.93908694E-05
   47.0000000       7.93200379E-05
   47.2500000       7.92347782E-05
   47.5000000       7.91345738E-05
   47.7500000       7.90182894E-05
   48.0000000       7.88872858E-05
   48.2500000       7.87424578E-05
   48.5000000       7.85835873E-05
   48.7500000       7.84104268E-05
   49.0000000       7.82229254E-05
   49.2500000       7.80213304E-05
   49.5000000       7.78069734E-05
   49.7500000       7.75802982E-05
   50.0000000       7.73408392E-05
   50.2500000       7.70888510E-05
   50.5000000       7.68245372E-05
   50.7500000       7.65477671E-05
   51.0000000       7.62582931E-05
   51.2500000       7.59568866E-05
   51.5000000       7.56444788E-05
   51.7500000       7.53212735E-05
   52.0000000       7.49866085E-05
   52.2500000       7.46400910E-05
   52.5000000       7.42823686E-05
   52.7500000       7.39145180E-05
   53.0000000       7.35374197E-05
   53.2500000       7.31497785E-05
   53.5000000       7.27511506E-05
   53.7500000       7.23431367E-05
   54.0000000       7.19262898E-05
   54.2500000       7.14996640E-05
   54.5000000       7.10630629E-05
   54.7500000       7.06177307E-05
   55.0000000       7.01636382E-05
   55.2500000       6.97000942E-05
   55.5000000       6.92276517E-05
   55.7500000       6.87470892E-05
   56.0000000       6.82586615E-05
   56.2500000       6.77622156E-05
   56.5000000       6.72574242E-05
   56.7500000       6.67449494E-05
   57.0000000       6.62246966E-05
   57.2500000       6.56968259E-05
   57.5000000       6.51624068E-05
   57.7500000       6.46208355E-05
   58.0000000       6.40711733E-05
   58.2500000       6.35142351E-05
   58.5000000       6.29518472E-05
   58.7500000       6.23836968E-05
   59.0000000       6.18083504E-05
   59.2500000       6.12260847E-05
   59.5000000       6.06381618E-05
   59.7500000       6.00451895E-05
   60.0000000       5.94462872E-05
   60.2500000       5.88411131E-05
   60.5000000       5.82309185E-05
   60.7500000       5.76162638E-05
   61.0000000       5.69965378E-05
   61.2500000       5.63714493E-05
   61.5000000       5.57415951E-05
   61.7500000       5.51074518E-05
   62.0000000       5.44690120E-05
   62.2500000       5.38259410E-05
   62.5000000       5.31785081E-05
   62.7500000       5.25274845E-05
   63.0000000       5.18725392E-05
   63.2500000       5.12129518E-05
   63.5000000       5.05493990E-05
   63.7500000       4.98830159E-05
   64.0000000       4.92137224E-05
   64.2500000       4.85409473E-05
   64.5000000       4.78648799E-05
   64.7500000       4.71861968E-05
   65.0000000       4.65051853E-05
   65.2500000       4.58219656E-05
   65.5000000       4.51367414E-05
   65.7500000       4.44494908E-05
   66.0000000       4.37597228E-05
   66.2500000       4.30673208E-05
   66.5000000       4.23732672E-05
   66.7500000       4.16783478E-05
   67.0000000       4.09818094E-05
   67.2500000       4.02831720E-05
   67.5000000       3.95834395E-05
   67.7500000       3.88832887E-05
   68.0000000       3.81823556E-05
   68.2500000       3.74801202E-05
   68.5000000       3.67765824E-05
   68.7500000       3.60722552E-05
   69.0000000       3.53679097E-05
   69.2500000       3.46638080E-05
   69.5000000       3.39595572E-05
   69.7500000       3.32548079E-05
   70.0000000       3.25500550E-05
   70.2500000       3.18460116E-05
   70.5000000       3.11422191E-05
   70.7500000       3.04381902E-05
   71.0000000       2.97347869E-05
   71.2500000       2.90325497E-05
   71.5000000       2.83310601E-05
   71.7500000       2.76305163E-05
   72.0000000       2.69309930E-05
   72.2500000       2.62324338E-05
   72.5000000       2.55350478E-05
   72.7500000       2.48389370E-05
   73.0000000       2.41444814E-05
   73.2500000       2.34519703E-05
   73.5000000       2.27617438E-05
   73.7500000       2.20736256E-05
   74.0000000       2.13873391E-05
   74.2500000       2.07031062E-05
   74.5000000       2.00209652E-05
   74.7500000       1.93409105E-05
   75.0000000       1.86633333E-05
   75.2500000       1.79885610E-05
   75.5000000       1.73166136E-05
   75.7500000       1.66476675E-05
   76.0000000       1.59812407E-05
   76.2500000       1.53169367E-05
   76.5000000       1.46555994E-05
   76.7500000       1.39976491E-05
   77.0000000       1.33429912E-05
   77.2500000       1.26921623E-05
   77.5000000       1.20449731E-05
   77.7500000       1.14004251E-05
   78.0000000       1.07587339E-05
   78.2500000       1.01213254E-05
   78.5000000       9.48883462E-06
   78.7500000       8.86056205E-06
   79.0000000       8.23568462E-06
   79.2500000       7.61466345E-06
   79.5000000       6.99888233E-06
   79.7500000       6.38834308E-06
   80.0000000       5.78177332E-06
   80.2500000       5.17871922E-06
   80.5000000       4.58027216E-06
   80.7500000       3.98704333E-06
   81.0000000       3.39833150E-06
   81.2500000       2.81391544E-06
   81.5000000       2.23454117E-06
   81.7500000       1.66046743E-06
   82.0000000       1.09118503E-06
   82.2500000       5.26969018E-07
   82.5000000      -3.18395159E-08
   82.7500000      -5.85071632E-07
   83.0000000      -1.13285626E-06
   83.2500000      -1.67530095E-06
   83.5000000      -2.21200435E-06
   83.7500000      -2.74291301E-06
   84.0000000      -3.26831810E-06
   84.2500000      -3.78828008E-06
   84.5000000      -4.30247246E-06
   84.7500000      -4.81066854E-06
   85.0000000      -5.31263731E-06
   85.2500000      -5.80839287E-06
   85.5000000      -6.29816168E-06
   85.7500000      -6.78171136E-06
   86.0000000      -7.25881046E-06
   86.2500000      -7.72965086E-06
   86.5000000      -8.19452816E-06
   86.7500000      -8.65291804E-06
   87.0000000      -9.10420931E-06
   87.2500000      -9.54880397E-06
   87.5000000      -9.98681207E-06
   87.7500000      -1.04180044E-05
   88.0000000      -1.08422637E-05
   88.2500000      -1.12597727E-05
   88.5000000      -1.16707006E-05
   88.7500000      -1.20747663E-05
   89.0000000      -1.24717462E-05
   89.2500000      -1.28617085E-05
   89.5000000      -1.32447040E-05
   89.7500000      -1.36203980E-05
   90.0000000      -1.39888161E-05
   90.2500000      -1.43499965E-05
   90.5000000      -1.47033616E-05
   90.7500000      -1.50490941E-05
   91.0000000      -1.53878264E-05
   91.2500000      -1.57193917E-05
   91.5000000      -1.60431555E-05
   91.7500000      -1.63590048E-05
   92.0000000      -1.66673381E-05
   92.2500000      -1.69684463E-05
   92.5000000      -1.72621658E-05
   92.7500000      -1.75481036E-05
   93.0000000      -1.78260361E-05
   93.2500000      -1.80960269E-05
   93.5000000      -1.83581342E-05
   93.7500000      -1.86121852E-05
   94.0000000      -1.88579979E-05
   94.2500000      -1.90957653E-05
   94.5000000      -1.93257674E-05
   94.7500000      -1.95476496E-05
   95.0000000      -1.97611407E-05
   95.2500000      -1.99665883E-05
   95.5000000      -2.01641087E-05
   95.7500000      -2.03532982E-05
   96.0000000      -2.05339038E-05
   96.2500000      -2.07061512E-05
   96.5000000      -2.08703077E-05
   96.7500000      -2.10263152E-05
   97.0000000      -2.11738134E-05
   97.2500000      -2.13126059E-05
   97.5000000      -2.14426309E-05
   97.7500000      -2.15639739E-05
   98.0000000      -2.16768040E-05
   98.2500000      -2.17811212E-05
   98.5000000      -2.18768764E-05
   98.7500000      -2.19639951E-05
   99.0000000      -2.20423881E-05
   99.2500000      -2.21118025E-05
   99.5000000      -2.21721766E-05
   99.7500000      -2.22236777E-05
   100.000000      -2.22664567E-05
   100.250000      -2.23005663E-05
   100.500000      -2.23257830E-05
   100.750000      -2.23420011E-05
   101.000000      -2.23492589E-05
   101.250000      -2.23474563E-05
   101.500000      -2.23366605E-05
   101.750000      -2.23169154E-05
   102.000000      -2.22879935E-05
   102.250000      -2.22496765E-05
   102.500000      -2.22021554E-05
   102.750000      -2.21456430E-05
   103.000000      -2.20799811E-05
   103.250000      -2.20049915E-05
   103.500000      -2.19207686E-05
   103.750000      -2.18273181E-05
   104.000000      -2.17244578E-05
   104.250000      -2.16120879E-05
   104.500000      -2.14903193E-05
   104.750000      -2.13592375E-05
   105.000000      -2.12187206E-05
   105.250000      -2.10687413E-05
   105.500000      -2.09093487E-05
   105.750000      -2.07404628E-05
   106.000000      -2.05619817E-05
   106.250000      -2.03739492E-05
   106.500000      -2.01763360E-05
   106.750000      -1.99690530E-05
   107.000000      -1.97522331E-05
   107.250000      -1.95260254E-05
   107.500000      -1.92902917E-05
   107.750000      -1.90447627E-05
   108.000000      -1.87893183E-05
   108.250000      -1.85240078E-05
   108.500000      -1.82488966E-05
   108.750000      -1.79641429E-05
   109.000000      -1.76697686E-05
   109.250000      -1.73654880E-05
   109.500000      -1.70511375E-05
   109.750000      -1.67268372E-05
   110.000000      -1.63926688E-05
   110.250000      -1.60486507E-05
   110.500000      -1.56947408E-05
   110.750000      -1.53309284E-05
   111.000000      -1.49571433E-05
   111.250000      -1.45732729E-05
   111.500000      -1.41793744E-05
   111.750000      -1.37754187E-05
   112.000000      -1.33614103E-05
   112.250000      -1.29374084E-05
   112.500000      -1.25032502E-05
   112.750000      -1.20588275E-05
   113.000000      -1.16043284E-05
   113.250000      -1.11398176E-05
   113.500000      -1.06650214E-05
   113.750000      -1.01797195E-05
   114.000000      -9.68403310E-06
   114.250000      -9.17827219E-06
   114.500000      -8.66237770E-06
   114.750000      -8.13615770E-06
   115.000000      -7.59961176E-06
   115.250000      -7.05274715E-06
   115.500000      -6.49553203E-06
   115.750000      -5.92778861E-06
   116.000000      -5.34955598E-06
   116.250000      -4.76111836E-06
   116.500000      -4.16230796E-06
   116.750000      -3.55287352E-06
   117.000000      -2.93280550E-06
   117.250000      -2.30210799E-06
   117.500000      -1.66101267E-06
   117.750000      -1.00951638E-06
   118.000000      -3.47365614E-07
   118.250000       3.25440794E-07
   118.500000       1.00881414E-06
   118.750000       1.70269482E-06
   119.000000       2.40719805E-06
   119.250000       3.12245925E-06
   119.500000       3.84842451E-06
   119.750000       4.58515660E-06
   120.000000       5.33264347E-06
   120.250000       6.09070275E-06
   120.500000       6.85955274E-06
   120.750000       7.63967546E-06
   121.000000       8.43063390E-06
   121.250000       9.23136759E-06
   121.500000       1.00426678E-05
   121.750000       1.08670274E-05
   122.000000       1.17028703E-05
   122.250000       1.25450479E-05
   122.500000       1.33970943E-05
   122.750000       1.42700710E-05
   123.000000       1.51563399E-05
   123.250000       1.60314758E-05
   123.500000       1.69123614E-05
   123.750000       1.78531081E-05
   124.000000       1.88168196E-05
   124.250000       1.96835554E-05
   124.500000       2.05342458E-05
   124.750000       2.16350491E-05
   125.000000       2.28086374E-05
   125.250000       2.34646668E-05
   125.500000       2.39916499E-05
   125.750000       2.56990479E-05
   126.000000       2.77370273E-05
   126.250000       2.72018879E-05
   126.500000       2.59404169E-05
   126.750000       3.03759371E-05
   127.000000       3.67764551E-05
   127.250000       3.14116478E-05
   127.500000       1.50606056E-05
   127.750000       3.02163448E-06
