PREM TAUP
1.0 4.0 8   5.80000   3.20000   2.60000    0.00 
            5.80000   3.20000   2.60000   15.00 
            6.80000   3.90000   2.90000   15.00 
            6.80000   3.90000   2.90000   24.40 
            8.11061   4.49094   3.38076   24.40 
            8.10119   4.48486   3.37906   40.00 
            8.08907   4.47715   3.37688   60.00 
            8.07688   4.46953   3.37471   80.00 
        8   5.80000   3.20000   2.60000    0.00 
            5.80000   3.20000   2.60000   15.00 
            6.80000   3.90000   2.90000   15.00 
            6.80000   3.90000   2.90000   24.40 
            8.11061   4.49094   3.38076   24.40 
            8.10119   4.48486   3.37906   40.00 
            8.08907   4.47715   3.37688   60.00 
            8.07688   4.46953   3.37471   80.00 
        8   5.80000   3.20000   2.60000    0.00 
            5.80000   3.20000   2.60000   15.00 
            6.80000   3.90000   2.90000   15.00 
            6.80000   3.90000   2.90000   24.40 
            8.11061   4.49094   3.38076   24.40 
            8.10119   4.48486   3.37906   40.00 
            8.08907   4.47715   3.37688   60.00 
            8.07688   4.46953   3.37471   80.00 
