   0.00000000      -3.41518785E-07
  0.250000000      -3.20565164E-07
  0.500000000      -2.99369503E-07
  0.750000000      -2.77925579E-07
   1.00000000      -2.56233136E-07
   1.25000000      -2.34291790E-07
   1.50000000      -2.12108660E-07
   1.75000000      -1.89694887E-07
   2.00000000      -1.67031473E-07
   2.25000000      -1.44145275E-07
   2.50000000      -1.21053347E-07
   2.75000000      -9.77119754E-08
   3.00000000      -7.41464845E-08
   3.25000000      -5.03695397E-08
   3.50000000      -2.63745275E-08
   3.75000000      -2.15376783E-09
   4.00000000       2.22859686E-08
   4.25000000       4.69063295E-08
   4.50000000       7.17076887E-08
   4.75000000       9.67159153E-08
   5.00000000       1.21930938E-07
   5.25000000       1.47327768E-07
   5.50000000       1.72899945E-07
   5.75000000       1.98647797E-07
   6.00000000       2.24577960E-07
   6.25000000       2.50684309E-07
   6.50000000       2.76954211E-07
   6.75000000       3.03381739E-07
   7.00000000       3.29969367E-07
   7.25000000       3.56710217E-07
   7.50000000       3.83541476E-07
   7.75000000       4.10459165E-07
   8.00000000       4.37628927E-07
   8.25000000       4.65051016E-07
   8.50000000       4.92327729E-07
   8.75000000       5.19464265E-07
   9.00000000       5.47828506E-07
   9.25000000       5.79595394E-07
   9.50000000       6.16120644E-07
   9.75000000       6.57441490E-07
   10.0000000       7.03564069E-07
   10.2500000       7.56320674E-07
   10.5000000       8.20912192E-07
   10.7500000       9.07407241E-07
   11.0000000       1.03260493E-06
   11.2500000       1.22157928E-06
   11.5000000       1.50719950E-06
   11.7500000       1.92609696E-06
   12.0000000       2.51319352E-06
   12.2500000       3.29928366E-06
   12.5000000       4.31160834E-06
   12.7500000       5.57296607E-06
   13.0000000       7.09828146E-06
   13.2500000       8.89152489E-06
   13.5000000       1.09437597E-05
   13.7500000       1.32308505E-05
   14.0000000       1.57108079E-05
   14.2500000       1.83228512E-05
   14.5000000       2.09900754E-05
   14.7500000       2.36260457E-05
   15.0000000       2.61432306E-05
   15.2500000       2.84599300E-05
   15.5000000       3.05045742E-05
   15.7500000       3.22190572E-05
   16.0000000       3.35615259E-05
   16.2500000       3.45073677E-05
   16.5000000       3.50487826E-05
   16.7500000       3.51942545E-05
   17.0000000       3.49678849E-05
   17.2500000       3.44077744E-05
   17.5000000       3.35630830E-05
   17.7500000       3.24898901E-05
   18.0000000       3.12466727E-05
   18.2500000       2.98899886E-05
   18.5000000       2.84707203E-05
   18.7500000       2.70318615E-05
   19.0000000       2.56078310E-05
   19.2500000       2.42247133E-05
   19.5000000       2.29007128E-05
   19.7500000       2.16475473E-05
   20.0000000       2.04718017E-05
   20.2500000       1.93761298E-05
   20.5000000       1.83604625E-05
   20.7500000       1.74225061E-05
   21.0000000       1.65582187E-05
   21.2500000       1.57621544E-05
   21.5000000       1.50277701E-05
   21.7500000       1.43474017E-05
   22.0000000       1.37118041E-05
   22.2500000       1.31086827E-05
   22.5000000       1.25202550E-05
   22.7500000       1.19204960E-05
   23.0000000       1.12730522E-05
   23.2500000       1.05309500E-05
   23.5000000       9.63883213E-06
   23.7500000       8.53731399E-06
   24.0000000       7.16806926E-06
   24.2500000       5.47862692E-06
   24.5000000       3.42611611E-06
   24.7500000       9.79860260E-07
   25.0000000      -1.87695764E-06
   25.2500000      -5.14427211E-06
   25.5000000      -8.80122388E-06
   25.7500000      -1.28020210E-05
   26.0000000      -1.70727963E-05
   26.2500000      -2.15133532E-05
   26.5000000      -2.60026954E-05
   26.7500000      -3.04082459E-05
   27.0000000      -3.45968147E-05
   27.2500000      -3.84444320E-05
   27.5000000      -4.18441014E-05
   27.7500000      -4.47100974E-05
   28.0000000      -4.69803563E-05
   28.2500000      -4.86174358E-05
   28.5000000      -4.96088433E-05
   28.7500000      -4.99672533E-05
   29.0000000      -4.97293295E-05
   29.2500000      -4.89528611E-05
   29.5000000      -4.77119574E-05
   29.7500000      -4.60905576E-05
   30.0000000      -4.41756711E-05
   30.2500000      -4.20513097E-05
   30.5000000      -3.97940348E-05
   30.7500000      -3.74701049E-05
   31.0000000      -3.51342496E-05
   31.2500000      -3.28296701E-05
   31.5000000      -3.05888207E-05
   31.7500000      -2.84347971E-05
   32.0000000      -2.63828824E-05
   32.2500000      -2.44419862E-05
   32.5000000      -2.26159955E-05
   32.7500000      -2.09047466E-05
   33.0000000      -1.93044070E-05
   33.2500000      -1.78079863E-05
   33.5000000      -1.64058511E-05
   33.7500000      -1.50860251E-05
   34.0000000      -1.38345840E-05
   34.2500000      -1.26366249E-05
   34.5000000      -1.14773784E-05
   34.7500000      -1.03430311E-05
   35.0000000      -9.22140225E-06
   35.2500000      -8.10222627E-06
   35.5000000      -6.97755468E-06
   35.7500000      -5.84235204E-06
   36.0000000      -4.69497763E-06
   36.2500000      -3.53792439E-06
   36.5000000      -2.37838276E-06
   36.7500000      -1.22816039E-06
   37.0000000      -1.02827677E-07
   37.2500000       9.79939045E-07
   37.5000000       2.00190766E-06
   37.7500000       2.94568213E-06
   38.0000000       3.79620769E-06
   38.2500000       4.54157225E-06
   38.5000000       5.17334138E-06
   38.7500000       5.68674250E-06
   39.0000000       6.08087612E-06
   39.2500000       6.35868946E-06
   39.5000000       6.52710742E-06
   39.7500000       6.59674470E-06
   40.0000000       6.58072531E-06
   40.2500000       6.49374033E-06
   40.5000000       6.35108836E-06
   40.7500000       6.16763964E-06
   41.0000000       5.95695474E-06
   41.2500000       5.73077159E-06
   41.5000000       5.49874812E-06
   41.7500000       5.26846725E-06
   42.0000000       5.04572881E-06
   42.2500000       4.83466920E-06
   42.5000000       4.63782408E-06
   42.7500000       4.45649221E-06
   43.0000000       4.29111651E-06
   43.2500000       4.14143096E-06
   43.5000000       4.00652652E-06
   43.7500000       3.88501849E-06
   44.0000000       3.77520723E-06
   44.2500000       3.67512530E-06
   44.5000000       3.58275884E-06
   44.7500000       3.49597417E-06
   45.0000000       3.41262989E-06
   45.2500000       3.33080743E-06
   45.5000000       3.24870484E-06
   45.7500000       3.16471278E-06
   46.0000000       3.07732239E-06
   46.2500000       2.98494570E-06
   46.5000000       2.88560841E-06
   46.7500000       2.77640061E-06
   47.0000000       2.65321250E-06
   47.2500000       2.51081428E-06
   47.5000000       2.34314848E-06
   47.7500000       2.14389024E-06
   48.0000000       1.90708670E-06
   48.2500000       1.62783351E-06
   48.5000000       1.30269143E-06
   48.7500000       9.29837199E-07
   49.0000000       5.09276333E-07
   49.2500000       4.31814264E-08
   49.5000000      -4.63565044E-07
   49.7500000      -1.00279578E-06
   50.0000000      -1.56275291E-06
   50.2500000      -2.12835675E-06
   50.5000000      -2.68208987E-06
   50.7500000      -3.20548565E-06
   51.0000000      -3.68084352E-06
   51.2500000      -4.09277800E-06
   51.5000000      -4.42930059E-06
   51.7500000      -4.68223516E-06
   52.0000000      -4.84730253E-06
   52.2500000      -4.92393747E-06
   52.5000000      -4.91504579E-06
   52.7500000      -4.82678570E-06
   53.0000000      -4.66824395E-06
   53.2500000      -4.45083697E-06
   53.5000000      -4.18757190E-06
   53.7500000      -3.89205343E-06
   54.0000000      -3.57746467E-06
   54.2500000      -3.25565907E-06
   54.5000000      -2.93643370E-06
   54.7500000      -2.62736148E-06
   55.0000000      -2.33382684E-06
   55.2500000      -2.05920219E-06
   55.5000000      -1.80525024E-06
   55.7500000      -1.57251532E-06
   56.0000000      -1.36065455E-06
   56.2500000      -1.16869319E-06
   56.5000000      -9.95264486E-07
   56.7500000      -8.38786718E-07
   57.0000000      -6.97473467E-07
   57.2500000      -5.69246822E-07
   57.5000000      -4.51769097E-07
   57.7500000      -3.42432173E-07
   58.0000000      -2.38205700E-07
   58.2500000      -1.35225207E-07
   58.5000000      -2.81077721E-08
   58.7500000       9.05539252E-08
   59.0000000       2.30353621E-07
   59.2500000       4.02916726E-07
   59.5000000       6.21229390E-07
   59.7500000       8.98324060E-07
   60.0000000       1.24620226E-06
   60.2500000       1.67476730E-06
   60.5000000       2.19103958E-06
   60.7500000       2.79882897E-06
   61.0000000       3.49835227E-06
   61.2500000       4.28560270E-06
   61.5000000       5.15144529E-06
   61.7500000       6.08094024E-06
   62.0000000       7.05324237E-06
   62.2500000       8.04246247E-06
   62.5000000       9.01935709E-06
   62.7500000       9.95372193E-06
   63.0000000       1.08167933E-05
   63.2500000       1.15831745E-05
   63.5000000       1.22322554E-05
   63.7500000       1.27488611E-05
   64.0000000       1.31234419E-05
   64.2500000       1.33521044E-05
   64.5000000       1.34364846E-05
   64.7500000       1.33835620E-05
   65.0000000       1.32051900E-05
   65.2500000       1.29172076E-05
   65.5000000       1.25381175E-05
   65.7500000       1.20875984E-05
   66.0000000       1.15851026E-05
   66.2500000       1.10486244E-05
   66.5000000       1.04938845E-05
   66.7500000       9.93404228E-06
   67.0000000       9.37965706E-06
   67.2500000       8.83865869E-06
   67.5000000       8.31664056E-06
   67.7500000       7.81733888E-06
   68.0000000       7.34299147E-06
   68.2500000       6.89458102E-06
   68.5000000       6.47204615E-06
   68.7500000       6.07443690E-06
   69.0000000       5.69997701E-06
   69.2500000       5.34610263E-06
   69.5000000       5.00955230E-06
   69.7500000       4.68642884E-06
   70.0000000       4.37244171E-06
   70.2500000       4.06326308E-06
   70.5000000       3.75475815E-06
   70.7500000       3.44320938E-06
   71.0000000       3.12562111E-06
   71.2500000       2.79978781E-06
   71.5000000       2.46439004E-06
   71.7500000       2.11923111E-06
   72.0000000       1.76544813E-06
   72.2500000       1.40578720E-06
   72.5000000       1.04457490E-06
   72.7500000       6.87465047E-07
   73.0000000       3.41142027E-07
   73.2500000       1.27319000E-08
   73.5000000      -2.90909355E-07
   73.7500000      -5.63786330E-07
   74.0000000      -8.01049509E-07
   74.2500000      -9.99093118E-07
   74.5000000      -1.15576256E-06
   74.7500000      -1.27045860E-06
   75.0000000      -1.34412733E-06
   75.2500000      -1.37928521E-06
   75.5000000      -1.37997301E-06
   75.7500000      -1.35142898E-06
   76.0000000      -1.29959164E-06
   76.2500000      -1.23068594E-06
   76.5000000      -1.15079933E-06
   76.7500000      -1.06549885E-06
   77.0000000      -9.79581046E-07
   77.2500000      -8.96919289E-07
   77.5000000      -8.20450055E-07
   77.7500000      -7.52261087E-07
   78.0000000      -6.93625964E-07
   78.2500000      -6.45015689E-07
   78.5000000      -6.06316007E-07
   78.7500000      -5.76986963E-07
   79.0000000      -5.56137991E-07
   79.2500000      -5.42679459E-07
   79.5000000      -5.35433003E-07
   79.7500000      -5.33193770E-07
   80.0000000      -5.34712740E-07
   80.2500000      -5.38766983E-07
   80.5000000      -5.44229579E-07
   80.7500000      -5.50060463E-07
   81.0000000      -5.55328540E-07
   81.2500000      -5.59225214E-07
   81.5000000      -5.61053128E-07
   81.7500000      -5.60273122E-07
   82.0000000      -5.56498321E-07
   82.2500000      -5.49401079E-07
   82.5000000      -5.38672225E-07
   82.7500000      -5.24007760E-07
   83.0000000      -5.05109313E-07
   83.2500000      -4.81630082E-07
   83.5000000      -4.53218718E-07
   83.7500000      -4.19645261E-07
   84.0000000      -3.80833910E-07
   84.2500000      -3.36829061E-07
   84.5000000      -2.87830943E-07
   84.7500000      -2.34267375E-07
   85.0000000      -1.76787509E-07
   85.2500000      -1.16253233E-07
   85.5000000      -5.38132596E-08
   85.7500000       9.01283048E-09
   86.0000000       7.02937371E-08
   86.2500000       1.27749956E-07
   86.5000000       1.78940283E-07
   86.7500000       2.21520082E-07
   87.0000000       2.53485638E-07
   87.2500000       2.73325583E-07
   87.5000000       2.80103336E-07
   87.7500000       2.73511432E-07
   88.0000000       2.53845712E-07
   88.2500000       2.21887163E-07
   88.5000000       1.78806189E-07
   88.7500000       1.26131411E-07
   89.0000000       6.56473915E-08
   89.2500000      -7.15893123E-10
   89.5000000      -7.10021126E-08
   89.7500000      -1.43382522E-07
   90.0000000      -2.16260432E-07
   90.2500000      -2.88420807E-07
   90.5000000      -3.59036250E-07
   90.7500000      -4.27581227E-07
   91.0000000      -4.93810433E-07
   91.2500000      -5.57720796E-07
   91.5000000      -6.19455307E-07
   91.7500000      -6.79141067E-07
   92.0000000      -7.36818720E-07
   92.2500000      -7.92439096E-07
   92.5000000      -8.45823479E-07
   92.7500000      -8.96669349E-07
   93.0000000      -9.44604096E-07
   93.2500000      -9.89294449E-07
   93.5000000      -1.03054003E-06
   93.7500000      -1.06828736E-06
   94.0000000      -1.10270582E-06
   94.2500000      -1.13432748E-06
   94.5000000      -1.16413150E-06
   94.7500000      -1.19359242E-06
   95.0000000      -1.22466315E-06
   95.2500000      -1.25966676E-06
   95.5000000      -1.30114768E-06
   95.7500000      -1.35163020E-06
   96.0000000      -1.41338808E-06
   96.2500000      -1.48821050E-06
   96.5000000      -1.57727334E-06
   96.7500000      -1.68110546E-06
   97.0000000      -1.79947926E-06
   97.2500000      -1.93132109E-06
   97.5000000      -2.07460039E-06
   97.7500000      -2.22628182E-06
   98.0000000      -2.38236521E-06
   98.2500000      -2.53815119E-06
   98.5000000      -2.68865324E-06
   98.7500000      -2.82896485E-06
   99.0000000      -2.95462200E-06
   99.2500000      -3.06189963E-06
   99.5000000      -3.14798876E-06
   99.7500000      -3.21104108E-06
   100.000000      -3.25011297E-06
   100.250000      -3.26514510E-06
   100.500000      -3.25693873E-06
   100.750000      -3.22703272E-06
   101.000000      -3.17757167E-06
   101.250000      -3.11111148E-06
   101.500000      -3.03036973E-06
   101.750000      -2.93801918E-06
   102.000000      -2.83654276E-06
   102.250000      -2.72811621E-06
   102.500000      -2.61455511E-06
   102.750000      -2.49733080E-06
   103.000000      -2.37762652E-06
   103.250000      -2.25639860E-06
   103.500000      -2.13443263E-06
   103.750000      -2.01243915E-06
   104.000000      -1.89115542E-06
   104.250000      -1.77139179E-06
   104.500000      -1.65402855E-06
   104.750000      -1.53996359E-06
   105.000000      -1.43000693E-06
   105.250000      -1.32477987E-06
   105.500000      -1.22464280E-06
   105.750000      -1.12967348E-06
   106.000000      -1.03970251E-06
   106.250000      -9.54353254E-07
   106.500000      -8.73099339E-07
   106.750000      -7.95318613E-07
   107.000000      -7.20322362E-07
   107.250000      -6.47408456E-07
   107.500000      -5.75958040E-07
   107.750000      -5.05516994E-07
   108.000000      -4.35861921E-07
   108.250000      -3.67106765E-07
   108.500000      -2.99783039E-07
   108.750000      -2.34779691E-07
   109.000000      -1.73206942E-07
   109.250000      -1.16251819E-07
   109.500000      -6.50346763E-08
   109.750000      -2.05260537E-08
   110.000000       1.65132992E-08
   110.250000       4.56083775E-08
   110.500000       6.66121025E-08
   110.750000       7.97252966E-08
   111.000000       8.54982289E-08
   111.250000       8.47985575E-08
   111.500000       7.87624614E-08
   111.750000       6.87254982E-08
   112.000000       5.61010793E-08
   112.250000       4.22427604E-08
   112.500000       2.83664061E-08
   112.750000       1.55067728E-08
   113.000000       4.46802551E-09
   113.250000      -4.19540003E-09
   113.500000      -1.01542446E-08
   113.750000      -1.32838833E-08
   114.000000      -1.36492879E-08
   114.250000      -1.14321583E-08
   114.500000      -6.85499124E-09
   114.750000      -1.50841284E-10
   115.000000       8.45331627E-09
   115.250000       1.87626110E-08
   115.500000       3.06347623E-08
   115.750000       4.39587708E-08
   116.000000       5.86406621E-08
   116.250000       7.45877315E-08
   116.500000       9.17092109E-08
   116.750000       1.09922347E-07
   117.000000       1.29137064E-07
   117.250000       1.49255712E-07
   117.500000       1.70166913E-07
   117.750000       1.91748782E-07
   118.000000       2.13869995E-07
   118.250000       2.36387294E-07
   118.500000       2.59156195E-07
   118.750000       2.82056078E-07
   119.000000       3.05005443E-07
   119.250000       3.27961715E-07
   119.500000       3.50927110E-07
   119.750000       3.73955345E-07
   120.000000       3.97123216E-07
   120.250000       4.20514340E-07
   120.500000       4.44254738E-07
   120.750000       4.68510365E-07
   121.000000       4.93411676E-07
   121.250000       5.19050900E-07
   121.500000       5.45615194E-07
   121.750000       5.73383829E-07
   122.000000       6.02473619E-07
   122.250000       6.32866090E-07
   122.500000       6.64943798E-07
   122.750000       6.99389716E-07
   123.000000       7.35920253E-07
   123.250000       7.73393026E-07
   123.500000       8.12593498E-07
   123.750000       8.56016754E-07
   124.000000       9.01697831E-07
   124.250000       9.43648331E-07
   124.500000       9.85529141E-07
   124.750000       1.03988339E-06
   125.000000       1.09794416E-06
   125.250000       1.13113276E-06
   125.500000       1.15790567E-06
   125.750000       1.24094527E-06
   126.000000       1.33930405E-06
   126.250000       1.31358433E-06
   126.500000       1.25256145E-06
   126.750000       1.46451725E-06
   127.000000       1.77007371E-06
   127.250000       1.51041024E-06
   127.500000       7.23825565E-07
   127.750000       1.45183222E-07
