   0.00000000      -8.87734768E-06
  0.250000000      -8.69818541E-06
  0.500000000      -8.51643381E-06
  0.750000000      -8.33197191E-06
   1.00000000      -8.14474697E-06
   1.25000000      -7.95497635E-06
   1.50000000      -7.76267098E-06
   1.75000000      -7.56793088E-06
   2.00000000      -7.37053278E-06
   2.25000000      -7.17064995E-06
   2.50000000      -6.96839061E-06
   2.75000000      -6.76364743E-06
   3.00000000      -6.55640679E-06
   3.25000000      -6.34661637E-06
   3.50000000      -6.13456041E-06
   3.75000000      -5.92028528E-06
   4.00000000      -5.70361999E-06
   4.25000000      -5.48473554E-06
   4.50000000      -5.26380609E-06
   4.75000000      -5.04078253E-06
   5.00000000      -4.81546067E-06
   5.25000000      -4.58760223E-06
   5.50000000      -4.35805350E-06
   5.75000000      -4.12750887E-06
   6.00000000      -3.89451861E-06
   6.25000000      -3.65787037E-06
   6.50000000      -3.42006069E-06
   6.75000000      -3.18440152E-06
   7.00000000      -2.94531696E-06
   7.25000000      -2.69587736E-06
   7.50000000      -2.44790613E-06
   7.75000000      -2.21750201E-06
   8.00000000      -1.97894065E-06
   8.25000000      -1.69612497E-06
   8.50000000      -1.42653846E-06
   8.75000000      -1.25022996E-06
   9.00000000      -1.03493608E-06
   9.25000000      -5.85349824E-07
   9.50000000      -1.77776485E-07
   9.75000000      -1.36517201E-07
   10.0000000       1.13709848E-06
   10.2500000       8.34630464E-06
   10.5000000       2.71793433E-05
   10.7500000       6.05697569E-05
   11.0000000       1.07442458E-04
   11.2500000       1.64813493E-04
   11.5000000       2.30218313E-04
   11.7500000       3.02049419E-04
   12.0000000       3.78666969E-04
   12.2500000       4.58551745E-04
   12.5000000       5.41461632E-04
   12.7500000       6.27515139E-04
   13.0000000       7.13079819E-04
   13.2500000       7.88379635E-04
   13.5000000       8.41811998E-04
   13.7500000       8.67364928E-04
   14.0000000       8.66947405E-04
   14.2500000       8.46279028E-04
   14.5000000       8.10358033E-04
   14.7500000       7.62566167E-04
   15.0000000       7.05699669E-04
   15.2500000       6.42115134E-04
   15.5000000       5.73098136E-04
   15.7500000       4.99412359E-04
   16.0000000       4.23428311E-04
   16.2500000       3.50397750E-04
   16.5000000       2.86570488E-04
   16.7500000       2.35477113E-04
   17.0000000       1.95839209E-04
   17.2500000       1.62654498E-04
   17.5000000       1.30188899E-04
   17.7500000       9.46273940E-05
   18.0000000       5.48607204E-05
   18.2500000       1.14707736E-05
   18.5000000      -3.46795096E-05
   18.7500000      -8.29912169E-05
   19.0000000      -1.32911169E-04
   19.2500000      -1.83918135E-04
   19.5000000      -2.35893938E-04
   19.7500000      -2.88892363E-04
   20.0000000      -3.41877108E-04
   20.2500000      -3.91966198E-04
   20.5000000      -4.35775146E-04
   20.7500000      -4.71676933E-04
   21.0000000      -5.00385941E-04
   21.2500000      -5.23591298E-04
   21.5000000      -5.42686146E-04
   21.7500000      -5.58644999E-04
   22.0000000      -5.72226068E-04
   22.2500000      -5.83902292E-04
   22.5000000      -5.94009995E-04
   22.7500000      -6.03132125E-04
   23.0000000      -6.11622701E-04
   23.2500000      -6.18179271E-04
   23.5000000      -6.19492785E-04
   23.7500000      -6.12217817E-04
   24.0000000      -5.95279329E-04
   24.2500000      -5.69966855E-04
   24.5000000      -5.38249093E-04
   24.7500000      -5.01576578E-04
   25.0000000      -4.60987765E-04
   25.2500000      -4.17462987E-04
   25.5000000      -3.71681846E-04
   25.7500000      -3.23824032E-04
   26.0000000      -2.74423859E-04
   26.2500000      -2.25661686E-04
   26.5000000      -1.81150026E-04
   26.7500000      -1.43865982E-04
   27.0000000      -1.14453229E-04
   27.2500000      -9.16337449E-05
   27.5000000      -7.37381997E-05
   27.7500000      -5.95464153E-05
   28.0000000      -4.81997704E-05
   28.2500000      -3.89945089E-05
   28.5000000      -3.13913115E-05
   28.7500000      -2.50320936E-05
   29.0000000      -1.96675464E-05
   29.2500000      -1.50957612E-05
   29.5000000      -1.11559648E-05
   29.7500000      -7.73193824E-06
   30.0000000      -4.73758564E-06
   30.2500000      -2.10191229E-06
   30.5000000       2.33606642E-07
   30.7500000       2.31513263E-06
   31.0000000       4.17994625E-06
   31.2500000       5.85782209E-06
   31.5000000       7.37319169E-06
   31.7500000       8.74758189E-06
   32.0000000       9.99913937E-06
   32.2500000       1.11425834E-05
   32.5000000       1.21898693E-05
   32.7500000       1.31517791E-05
   33.0000000       1.40383054E-05
   33.2500000       1.48579902E-05
   33.5000000       1.56165315E-05
   33.7500000       1.63187924E-05
   34.0000000       1.69709110E-05
   34.2500000       1.75783771E-05
   34.5000000       1.81449941E-05
   34.7500000       1.86735542E-05
   35.0000000       1.91669969E-05
   35.2500000       1.96287328E-05
   35.5000000       2.00613595E-05
   35.7500000       2.04664866E-05
   36.0000000       2.08462934E-05
   36.2500000       2.12029881E-05
   36.5000000       2.15382170E-05
   36.7500000       2.18529167E-05
   37.0000000       2.21479277E-05
   37.2500000       2.24250143E-05
   37.5000000       2.26859684E-05
   37.7500000       2.29316611E-05
   38.0000000       2.31620634E-05
   38.2500000       2.33775609E-05
   38.5000000       2.35790340E-05
   38.7500000       2.37681670E-05
   39.0000000       2.39457204E-05
   39.2500000       2.41115595E-05
   39.5000000       2.42660099E-05
   39.7500000       2.44097155E-05
   40.0000000       2.45432366E-05
   40.2500000       2.46671025E-05
   40.5000000       2.47815278E-05
   40.7500000       2.48871875E-05
   41.0000000       2.49843961E-05
   41.2500000       2.50731682E-05
   41.5000000       2.51539132E-05
   41.7500000       2.52264108E-05
   42.0000000       2.52914451E-05
   42.2500000       2.53492199E-05
   42.5000000       2.53997350E-05
   42.7500000       2.54432998E-05
   43.0000000       2.54800962E-05
   43.2500000       2.55107407E-05
   43.5000000       2.55351133E-05
   43.7500000       2.55529740E-05
   44.0000000       2.55644773E-05
   44.2500000       2.55701307E-05
   44.5000000       2.55704472E-05
   44.7500000       2.55653013E-05
   45.0000000       2.55544601E-05
   45.2500000       2.55380291E-05
   45.5000000       2.55164632E-05
   45.7500000       2.54899860E-05
   46.0000000       2.54583629E-05
   46.2500000       2.54215902E-05
   46.5000000       2.53798808E-05
   46.7500000       2.53334656E-05
   47.0000000       2.52825685E-05
   47.2500000       2.52271111E-05
   47.5000000       2.51670426E-05
   47.7500000       2.51028232E-05
   48.0000000       2.50345620E-05
   48.2500000       2.49618497E-05
   48.5000000       2.48846754E-05
   48.7500000       2.48034466E-05
   49.0000000       2.47186144E-05
   49.2500000       2.46299351E-05
   49.5000000       2.45370120E-05
   49.7500000       2.44403564E-05
   50.0000000       2.43403028E-05
   50.2500000       2.42366823E-05
   50.5000000       2.41293783E-05
   50.7500000       2.40184490E-05
   51.0000000       2.39039910E-05
   51.2500000       2.37860695E-05
   51.5000000       2.36649612E-05
   51.7500000       2.35405987E-05
   52.0000000       2.34129784E-05
   52.2500000       2.32823259E-05
   52.5000000       2.31488484E-05
   52.7500000       2.30124861E-05
   53.0000000       2.28729477E-05
   53.2500000       2.27302862E-05
   53.5000000       2.25847525E-05
   53.7500000       2.24365704E-05
   54.0000000       2.22857725E-05
   54.2500000       2.21322680E-05
   54.5000000       2.19759931E-05
   54.7500000       2.18170353E-05
   55.0000000       2.16556491E-05
   55.2500000       2.14918837E-05
   55.5000000       2.13256135E-05
   55.7500000       2.11569295E-05
   56.0000000       2.09861500E-05
   56.2500000       2.08132624E-05
   56.5000000       2.06379991E-05
   56.7500000       2.04605421E-05
   57.0000000       2.02813426E-05
   57.2500000       2.01002258E-05
   57.5000000       1.99168953E-05
   57.7500000       1.97314966E-05
   58.0000000       1.95442390E-05
   58.2500000       1.93553042E-05
   58.5000000       1.91647014E-05
   58.7500000       1.89722214E-05
   59.0000000       1.87777478E-05
   59.2500000       1.85816170E-05
   59.5000000       1.83841603E-05
   59.7500000       1.81853775E-05
   60.0000000       1.79849285E-05
   60.2500000       1.77827533E-05
   60.5000000       1.75793102E-05
   60.7500000       1.73749213E-05
   61.0000000       1.71694301E-05
   61.2500000       1.69626019E-05
   61.5000000       1.67544240E-05
   61.7500000       1.65450638E-05
   62.0000000       1.63347286E-05
   62.2500000       1.61234020E-05
   62.5000000       1.59109968E-05
   62.7500000       1.56976021E-05
   63.0000000       1.54833342E-05
   63.2500000       1.52681114E-05
   63.5000000       1.50518590E-05
   63.7500000       1.48348345E-05
   64.0000000       1.46173734E-05
   64.2500000       1.43994585E-05
   64.5000000       1.41808678E-05
   64.7500000       1.39615095E-05
   65.0000000       1.37415345E-05
   65.2500000       1.35211967E-05
   65.5000000       1.33004787E-05
   65.7500000       1.30792369E-05
   66.0000000       1.28575730E-05
   66.2500000       1.26356208E-05
   66.5000000       1.24133530E-05
   66.7500000       1.21908242E-05
   67.0000000       1.19681035E-05
   67.2500000       1.17451773E-05
   67.5000000       1.15221173E-05
   67.7500000       1.12991293E-05
   68.0000000       1.10761785E-05
   68.2500000       1.08530530E-05
   68.5000000       1.06299385E-05
   68.7500000       1.04072196E-05
   69.0000000       1.01846799E-05
   69.2500000       9.96190283E-06
   69.5000000       9.73920942E-06
   69.7500000       9.51711081E-06
   70.0000000       9.29553607E-06
   70.2500000       9.07419235E-06
   70.5000000       8.85301779E-06
   70.7500000       8.63202877E-06
   71.0000000       8.41134442E-06
   71.2500000       8.19134129E-06
   71.5000000       7.97227767E-06
   71.7500000       7.75385251E-06
   72.0000000       7.53575523E-06
   72.2500000       7.31807950E-06
   72.5000000       7.10104314E-06
   72.7500000       6.88475529E-06
   73.0000000       6.66905044E-06
   73.2500000       6.45391310E-06
   73.5000000       6.23964979E-06
   73.7500000       6.02640512E-06
   74.0000000       5.81419363E-06
   74.2500000       5.60289072E-06
   74.5000000       5.39240727E-06
   74.7500000       5.18275465E-06
   75.0000000       4.97403062E-06
   75.2500000       4.76635660E-06
   75.5000000       4.55976351E-06
   75.7500000       4.35433685E-06
   76.0000000       4.15003024E-06
   76.2500000       3.94676817E-06
   76.5000000       3.74465253E-06
   76.7500000       3.54385270E-06
   77.0000000       3.34432571E-06
   77.2500000       3.14598606E-06
   77.5000000       2.94882761E-06
   77.7500000       2.75290472E-06
   78.0000000       2.55838995E-06
   78.2500000       2.36536971E-06
   78.5000000       2.17372917E-06
   78.7500000       1.98334988E-06
   79.0000000       1.79428537E-06
   79.2500000       1.60673062E-06
   79.5000000       1.42080273E-06
   79.7500000       1.23653479E-06
   80.0000000       1.05377944E-06
   80.2500000       8.72359522E-07
   80.5000000       6.92418610E-07
   80.7500000       5.14272131E-07
   81.0000000       3.37911814E-07
   81.2500000       1.63084081E-07
   81.5000000      -1.00959703E-08
   81.7500000      -1.81493760E-07
   82.0000000      -3.51164545E-07
   82.2500000      -5.19023843E-07
   82.5000000      -6.85048803E-07
   82.7500000      -8.49262221E-07
   83.0000000      -1.01154944E-06
   83.2500000      -1.17199522E-06
   83.5000000      -1.33071660E-06
   83.7500000      -1.48771676E-06
   84.0000000      -1.64285052E-06
   84.2500000      -1.79598783E-06
   84.5000000      -1.94724294E-06
   84.7500000      -2.09644145E-06
   85.0000000      -2.24344308E-06
   85.2500000      -2.38839152E-06
   85.5000000      -2.53137387E-06
   85.7500000      -2.67229871E-06
   86.0000000      -2.81104940E-06
   86.2500000      -2.94776919E-06
   86.5000000      -3.08266158E-06
   86.7500000      -3.21567336E-06
   87.0000000      -3.34656806E-06
   87.2500000      -3.47520358E-06
   87.5000000      -3.60155195E-06
   87.7500000      -3.72567956E-06
   88.0000000      -3.84761233E-06
   88.2500000      -3.96744281E-06
   88.5000000      -4.08522783E-06
   88.7500000      -4.20078186E-06
   89.0000000      -4.31399030E-06
   89.2500000      -4.42495684E-06
   89.5000000      -4.53380108E-06
   89.7500000      -4.64037430E-06
   90.0000000      -4.74446279E-06
   90.2500000      -4.84620205E-06
   90.5000000      -4.94579126E-06
   90.7500000      -5.04302443E-06
   91.0000000      -5.13773057E-06
   91.2500000      -5.23011431E-06
   91.5000000      -5.32038075E-06
   91.7500000      -5.40832752E-06
   92.0000000      -5.49362630E-06
   92.2500000      -5.57636940E-06
   92.5000000      -5.65679238E-06
   92.7500000      -5.73477701E-06
   93.0000000      -5.81028235E-06
   93.2500000      -5.88346893E-06
   93.5000000      -5.95436632E-06
   93.7500000      -6.02281807E-06
   94.0000000      -6.08870005E-06
   94.2500000      -6.15207955E-06
   94.5000000      -6.21296022E-06
   94.7500000      -6.27136069E-06
   95.0000000      -6.32725096E-06
   95.2500000      -6.38046913E-06
   95.5000000      -6.43103112E-06
   95.7500000      -6.47915203E-06
   96.0000000      -6.52487824E-06
   96.2500000      -6.56803513E-06
   96.5000000      -6.60844898E-06
   96.7500000      -6.64626714E-06
   97.0000000      -6.68171606E-06
   97.2500000      -6.71466250E-06
   97.5000000      -6.74495277E-06
   97.7500000      -6.77254775E-06
   98.0000000      -6.79750701E-06
   98.2500000      -6.81990969E-06
   98.5000000      -6.83970438E-06
   98.7500000      -6.85681562E-06
   99.0000000      -6.87125748E-06
   99.2500000      -6.88305090E-06
   99.5000000      -6.89216631E-06
   99.7500000      -6.89860644E-06
   100.000000      -6.90242223E-06
   100.250000      -6.90355228E-06
   100.500000      -6.90191337E-06
   100.750000      -6.89762874E-06
   101.000000      -6.89073886E-06
   101.250000      -6.88113778E-06
   101.500000      -6.86879503E-06
   101.750000      -6.85377699E-06
   102.000000      -6.83605504E-06
   102.250000      -6.81554411E-06
   102.500000      -6.79231380E-06
   102.750000      -6.76643458E-06
   103.000000      -6.73784689E-06
   103.250000      -6.70648797E-06
   103.500000      -6.67236054E-06
   103.750000      -6.63547780E-06
   104.000000      -6.59584930E-06
   104.250000      -6.55346594E-06
   104.500000      -6.50833181E-06
   104.750000      -6.46045828E-06
   105.000000      -6.40980852E-06
   105.250000      -6.35632250E-06
   105.500000      -6.30000250E-06
   105.750000      -6.24090217E-06
   106.000000      -6.17909700E-06
   106.250000      -6.11456699E-06
   106.500000      -6.04717798E-06
   106.750000      -5.97690041E-06
   107.000000      -5.90385571E-06
   107.250000      -5.82808707E-06
   107.500000      -5.74950900E-06
   107.750000      -5.66807330E-06
   108.000000      -5.58380179E-06
   108.250000      -5.49672632E-06
   108.500000      -5.40688143E-06
   108.750000      -5.31422984E-06
   109.000000      -5.21867878E-06
   109.250000      -5.12025417E-06
   109.500000      -5.01903014E-06
   109.750000      -4.91499441E-06
   110.000000      -4.80809194E-06
   110.250000      -4.69830229E-06
   110.500000      -4.58565546E-06
   110.750000      -4.47016282E-06
   111.000000      -4.35179027E-06
   111.250000      -4.23056690E-06
   111.500000      -4.10650682E-06
   111.750000      -3.97956137E-06
   112.000000      -3.84972327E-06
   112.250000      -3.71698547E-06
   112.500000      -3.58134707E-06
   112.750000      -3.44282898E-06
   113.000000      -3.30145281E-06
   113.250000      -3.15721923E-06
   113.500000      -3.01010846E-06
   113.750000      -2.86010072E-06
   114.000000      -2.70716532E-06
   114.250000      -2.55126497E-06
   114.500000      -2.39245878E-06
   114.750000      -2.23082475E-06
   115.000000      -2.06630534E-06
   115.250000      -1.89885111E-06
   115.500000      -1.72847854E-06
   115.750000      -1.55521570E-06
   116.000000      -1.37901816E-06
   116.250000      -1.19985862E-06
   116.500000      -1.01779449E-06
   116.750000      -8.32839703E-07
   117.000000      -6.44944521E-07
   117.250000      -4.54095783E-07
   117.500000      -2.60314977E-07
   117.750000      -6.35951523E-08
   118.000000       1.36085404E-07
   118.250000       3.38733031E-07
   118.500000       5.44327918E-07
   118.750000       7.52877668E-07
   119.000000       9.64360652E-07
   119.250000       1.17875243E-06
   119.500000       1.39606732E-06
   119.750000       1.61639412E-06
   120.000000       1.83975749E-06
   120.250000       2.06602590E-06
   120.500000       2.29523380E-06
   120.750000       2.52755126E-06
   121.000000       2.76287506E-06
   121.250000       3.00091892E-06
   121.500000       3.24189841E-06
   121.750000       3.48643516E-06
   122.000000       3.73405419E-06
   122.250000       3.98331804E-06
   122.500000       4.23531401E-06
   122.750000       4.49334811E-06
   123.000000       4.75504521E-06
   123.250000       5.01304567E-06
   123.500000       5.27249040E-06
   123.750000       5.54975850E-06
   124.000000       5.83364272E-06
   124.250000       6.08782511E-06
   124.500000       6.33678974E-06
   124.750000       6.66097276E-06
   125.000000       7.00675628E-06
   125.250000       7.19581021E-06
   125.500000       7.34567357E-06
   125.750000       7.85195061E-06
   126.000000       8.45746854E-06
   126.250000       8.28485281E-06
   126.500000       7.89302521E-06
   126.750000       9.22285290E-06
   127.000000       1.11446243E-05
   127.250000       9.50940466E-06
   127.500000       4.55716190E-06
   127.750000       9.14074178E-07
