   0.00000000       7.76704034E-09
  0.250000000       1.10878320E-08
  0.500000000       1.44289629E-08
  0.750000000       1.77905619E-08
   1.00000000       2.11749853E-08
   1.25000000       2.45798883E-08
   1.50000000       2.80038712E-08
   1.75000000       3.14468451E-08
   2.00000000       3.49048719E-08
   2.25000000       3.83788432E-08
   2.50000000       4.18702832E-08
   2.75000000       4.53769289E-08
   3.00000000       4.88987766E-08
   3.25000000       5.24342703E-08
   3.50000000       5.59826603E-08
   3.75000000       5.95439964E-08
   4.00000000       6.31175539E-08
   4.25000000       6.67017517E-08
   4.50000000       7.02949521E-08
   4.75000000       7.38971053E-08
   5.00000000       7.75102507E-08
   5.25000000       8.11361858E-08
   5.50000000       8.47639328E-08
   5.75000000       8.83834517E-08
   6.00000000       9.20131029E-08
   6.25000000       9.56764268E-08
   6.50000000       9.93312881E-08
   6.75000000       1.02920360E-07
   7.00000000       1.06541350E-07
   7.25000000       1.10319377E-07
   7.50000000       1.14036041E-07
   7.75000000       1.17406223E-07
   8.00000000       1.20903877E-07
   8.25000000       1.25165599E-07
   8.50000000       1.29138741E-07
   8.75000000       1.31409365E-07
   9.00000000       1.34431815E-07
   9.25000000       1.41802616E-07
   9.50000000       1.48627848E-07
   9.75000000       1.48995511E-07
   10.0000000       1.71265214E-07
   10.2500000       2.99552340E-07
   10.5000000       6.36089169E-07
   10.7500000       1.23324583E-06
   11.0000000       2.06849222E-06
   11.2500000       3.08073277E-06
   11.5000000       4.21668165E-06
   11.7500000       5.44205886E-06
   12.0000000       6.72805163E-06
   12.2500000       8.05171294E-06
   12.5000000       9.41277449E-06
   12.7500000       1.08157565E-05
   13.0000000       1.21973662E-05
   13.2500000       1.33843205E-05
   13.5000000       1.41701275E-05
   13.7500000       1.44494779E-05
   14.0000000       1.42648860E-05
   14.2500000       1.37354064E-05
   14.5000000       1.29695864E-05
   14.7500000       1.20394070E-05
   15.0000000       1.09943321E-05
   15.2500000       9.86835767E-06
   15.5000000       8.67580547E-06
   15.7500000       7.42522661E-06
   16.0000000       6.15688668E-06
   16.2500000       4.95999893E-06
   16.5000000       3.93486471E-06
   16.7500000       3.13314513E-06
   17.0000000       2.53381677E-06
   17.2500000       2.06119648E-06
   17.5000000       1.61686796E-06
   17.7500000       1.11342240E-06
   18.0000000       5.03582726E-07
   18.2500000      -2.13880696E-07
   18.5000000      -1.01649630E-06
   18.7500000      -1.88588911E-06
   19.0000000      -2.81516782E-06
   19.2500000      -3.79487415E-06
   19.5000000      -4.80260042E-06
   19.7500000      -5.81802396E-06
   20.0000000      -6.84253246E-06
   20.2500000      -7.88114266E-06
   20.5000000      -8.90033334E-06
   20.7500000      -9.82644815E-06
   21.0000000      -1.05980089E-05
   21.2500000      -1.12075886E-05
   21.5000000      -1.16872343E-05
   21.7500000      -1.20662107E-05
   22.0000000      -1.23514801E-05
   22.2500000      -1.25450779E-05
   22.5000000      -1.26690393E-05
   22.7500000      -1.27537633E-05
   23.0000000      -1.27907724E-05
   23.2500000      -1.27147478E-05
   23.5000000      -1.24547860E-05
   23.7500000      -1.19964661E-05
   24.0000000      -1.13799442E-05
   24.2500000      -1.06520711E-05
   24.5000000      -9.84017606E-06
   24.7500000      -8.96309120E-06
   25.0000000      -8.04427054E-06
   25.2500000      -7.10510585E-06
   25.5000000      -6.15140789E-06
   25.7500000      -5.17743911E-06
   26.0000000      -4.19056050E-06
   26.2500000      -3.22793403E-06
   26.5000000      -2.34013646E-06
   26.7500000      -1.55917326E-06
   27.0000000      -8.87080319E-07
   27.2500000      -3.09071936E-07
   27.5000000       1.92305379E-07
   27.7500000       6.33247566E-07
   28.0000000       1.02805996E-06
   28.2500000       1.38762016E-06
   28.5000000       1.71866441E-06
   28.7500000       2.02266483E-06
   29.0000000       2.29228363E-06
   29.2500000       2.50933772E-06
   29.5000000       2.65090898E-06
   29.7500000       2.70215946E-06
   30.0000000       2.66511438E-06
   30.2500000       2.55554687E-06
   30.5000000       2.39228257E-06
   30.7500000       2.18923310E-06
   31.0000000       1.95542657E-06
   31.2500000       1.69969110E-06
   31.5000000       1.43193563E-06
   31.7500000       1.15762430E-06
   32.0000000       8.73057502E-07
   32.2500000       5.71125668E-07
   32.5000000       2.52880710E-07
   32.7500000      -6.97648019E-08
   33.0000000      -3.83514674E-07
   33.2500000      -6.82953100E-07
   33.5000000      -9.69615485E-07
   33.7500000      -1.24545704E-06
   34.0000000      -1.51165148E-06
   34.2500000      -1.77332663E-06
   34.5000000      -2.03716809E-06
   34.7500000      -2.29579337E-06
   35.0000000      -2.51736924E-06
   35.2500000      -2.66056622E-06
   35.5000000      -2.70254850E-06
   35.7500000      -2.64951223E-06
   36.0000000      -2.52334280E-06
   36.2500000      -2.34491017E-06
   36.5000000      -2.12894179E-06
   36.7500000      -1.88625609E-06
   37.0000000      -1.62443405E-06
   37.2500000      -1.34714344E-06
   37.5000000      -1.05810625E-06
   37.7500000      -7.69059170E-07
   38.0000000      -5.01620207E-07
   38.2500000      -2.77449743E-07
   38.5000000      -1.05913344E-07
   38.7500000       1.94253698E-08
   39.0000000       1.16000066E-07
   39.2500000       2.04948407E-07
   39.5000000       3.03985473E-07
   39.7500000       4.22597509E-07
   40.0000000       5.61568072E-07
   40.2500000       7.15027625E-07
   40.5000000       8.73099282E-07
   40.7500000       1.02576234E-06
   41.0000000       1.16638194E-06
   41.2500000       1.29239652E-06
   41.5000000       1.40485656E-06
   41.7500000       1.50740789E-06
   42.0000000       1.60145350E-06
   42.2500000       1.68049371E-06
   42.5000000       1.73189562E-06
   42.7500000       1.74520437E-06
   43.0000000       1.71884733E-06
   43.2500000       1.66311497E-06
   43.5000000       1.59930391E-06
   43.7500000       1.55141402E-06
   44.0000000       1.53467272E-06
   44.2500000       1.55182727E-06
   44.5000000       1.59628371E-06
   44.7500000       1.65310757E-06
   45.0000000       1.70070462E-06
   45.2500000       1.72048033E-06
   45.5000000       1.70709461E-06
   45.7500000       1.66758571E-06
   46.0000000       1.61201808E-06
   46.2500000       1.54599854E-06
   46.5000000       1.46927255E-06
   46.7500000       1.37871166E-06
   47.0000000       1.27217845E-06
   47.2500000       1.15069611E-06
   47.5000000       1.02062836E-06
   47.7500000       8.96776612E-07
   48.0000000       8.00344878E-07
   48.2500000       7.48745379E-07
   48.5000000       7.46884666E-07
   48.7500000       7.89229659E-07
   49.0000000       8.67487529E-07
   49.2500000       9.73551892E-07
   49.5000000       1.09736675E-06
   49.7500000       1.22702363E-06
   50.0000000       1.35356777E-06
   50.2500000       1.47406013E-06
   50.5000000       1.58673913E-06
   50.7500000       1.68368365E-06
   51.0000000       1.75251068E-06
   51.2500000       1.78669495E-06
   51.5000000       1.79089386E-06
   51.7500000       1.77465483E-06
   52.0000000       1.74364391E-06
   52.2500000       1.69853752E-06
   52.5000000       1.64016228E-06
   52.7500000       1.57285501E-06
   53.0000000       1.50196865E-06
   53.2500000       1.42967804E-06
   53.5000000       1.35589232E-06
   53.7500000       1.28332965E-06
   54.0000000       1.21823939E-06
   54.2500000       1.16443971E-06
   54.5000000       1.11917620E-06
   54.7500000       1.07660719E-06
   55.0000000       1.03356058E-06
   55.2500000       9.90590820E-07
   55.5000000       9.49153673E-07
   55.7500000       9.09481230E-07
   56.0000000       8.70237443E-07
   56.2500000       8.27919280E-07
   56.5000000       7.75877766E-07
   56.7500000       7.05867251E-07
   57.0000000       6.12948554E-07
   57.2500000       4.99072655E-07
   57.5000000       3.70996446E-07
   57.7500000       2.35231639E-07
   58.0000000       9.57707016E-08
   58.2500000      -4.49230022E-08
   58.5000000      -1.85204541E-07
   58.7500000      -3.24044009E-07
   59.0000000      -4.58317089E-07
   59.2500000      -5.78609274E-07
   59.5000000      -6.69526401E-07
   59.7500000      -7.16865088E-07
   60.0000000      -7.15427007E-07
   60.2500000      -6.70105862E-07
   60.5000000      -5.90967602E-07
   60.7500000      -4.88570834E-07
   61.0000000      -3.72265930E-07
   61.2500000      -2.49250832E-07
   61.5000000      -1.23526306E-07
   61.7500000       2.88908519E-09
   62.0000000       1.26185398E-07
   62.2500000       2.38655474E-07
   62.5000000       3.31621038E-07
   62.7500000       4.00558633E-07
   63.0000000       4.46758349E-07
   63.2500000       4.74465992E-07
   63.5000000       4.87819648E-07
   63.7500000       4.90757941E-07
   64.0000000       4.87929299E-07
   64.2500000       4.83816393E-07
   64.5000000       4.81324207E-07
   64.7500000       4.81823690E-07
   65.0000000       4.85247028E-07
   65.2500000       4.88966975E-07
   65.5000000       4.87642694E-07
   65.7500000       4.75595016E-07
   66.0000000       4.49613822E-07
   66.2500000       4.10129019E-07
   66.5000000       3.60878516E-07
   66.7500000       3.07280999E-07
   67.0000000       2.53918756E-07
   67.2500000       2.02872798E-07
   67.5000000       1.54040990E-07
   67.7500000       1.06668530E-07
   68.0000000       6.10558644E-08
   68.2500000       1.95579712E-08
   68.5000000      -1.42056082E-08
   68.7500000      -3.75245790E-08
   69.0000000      -5.02907724E-08
   69.2500000      -5.55607258E-08
   69.5000000      -5.92295883E-08
   69.7500000      -6.81495820E-08
   70.0000000      -8.70545591E-08
   70.2500000      -1.17062434E-07
   70.5000000      -1.57183138E-07
   70.7500000      -2.06513377E-07
   71.0000000      -2.64550806E-07
   71.2500000      -3.30023141E-07
   71.5000000      -4.00310370E-07
   71.7500000      -4.72413006E-07
   72.0000000      -5.44141358E-07
   72.2500000      -6.13533189E-07
   72.5000000      -6.77274727E-07
   72.7500000      -7.31171156E-07
   73.0000000      -7.72883880E-07
   73.2500000      -8.03310627E-07
   73.5000000      -8.24633162E-07
   73.7500000      -8.37504331E-07
   74.0000000      -8.40580242E-07
   74.2500000      -8.32578223E-07
   74.5000000      -8.14403961E-07
   74.7500000      -7.88936461E-07
   75.0000000      -7.58719978E-07
   75.2500000      -7.24541962E-07
   75.5000000      -6.86524743E-07
   75.7500000      -6.45525517E-07
   76.0000000      -6.02720547E-07
   76.2500000      -5.58739430E-07
   76.5000000      -5.14215344E-07
   76.7500000      -4.70816531E-07
   77.0000000      -4.31007692E-07
   77.2500000      -3.96672476E-07
   77.5000000      -3.67974309E-07
   77.7500000      -3.43369180E-07
   78.0000000      -3.20548935E-07
   78.2500000      -2.97417131E-07
   78.5000000      -2.72656081E-07
   78.7500000      -2.46118191E-07
   79.0000000      -2.18709332E-07
   79.2500000      -1.91082805E-07
   79.5000000      -1.62137482E-07
   79.7500000      -1.29371202E-07
   80.0000000      -9.09555453E-08
   80.2500000      -4.70595403E-08
   80.5000000       7.37668371E-10
   80.7500000       5.02637789E-08
   81.0000000       9.82636621E-08
   81.2500000       1.39848140E-07
   81.5000000       1.69966356E-07
   81.7500000       1.86179292E-07
   82.0000000       1.89613658E-07
   82.2500000       1.82861456E-07
   82.5000000       1.67331635E-07
   82.7500000       1.42961071E-07
   83.0000000       1.09968070E-07
   83.2500000       7.00544760E-08
   83.5000000       2.58036970E-08
   83.7500000      -2.03049098E-08
   84.0000000      -6.56004531E-08
   84.2500000      -1.06439217E-07
   84.5000000      -1.38986081E-07
   84.7500000      -1.61299681E-07
   85.0000000      -1.74204203E-07
   85.2500000      -1.79986529E-07
   85.5000000      -1.80697185E-07
   85.7500000      -1.77671495E-07
   86.0000000      -1.71972701E-07
   86.2500000      -1.64813571E-07
   86.5000000      -1.57517675E-07
   86.7500000      -1.51079291E-07
   87.0000000      -1.45843401E-07
   87.2500000      -1.41761063E-07
   87.5000000      -1.38802051E-07
   87.7500000      -1.36903793E-07
   88.0000000      -1.35696368E-07
   88.2500000      -1.34462695E-07
   88.5000000      -1.32216286E-07
   88.7500000      -1.27844601E-07
   89.0000000      -1.20624136E-07
   89.2500000      -1.10855929E-07
   89.5000000      -9.97651384E-08
   89.7500000      -8.85572078E-08
   90.0000000      -7.76973508E-08
   90.2500000      -6.72114382E-08
   90.5000000      -5.73581609E-08
   90.7500000      -4.84800182E-08
   91.0000000      -4.01512885E-08
   91.2500000      -3.11008961E-08
   91.5000000      -2.04944755E-08
   91.7500000      -9.01200359E-09
   92.0000000       1.93252769E-09
   92.2500000       1.20682770E-08
   92.5000000       2.28809434E-08
   92.7500000       3.60976742E-08
   93.0000000       5.18758405E-08
   93.2500000       6.88961848E-08
   93.5000000       8.60047322E-08
   93.7500000       1.02943730E-07
   94.0000000       1.19164177E-07
   94.2500000       1.32762665E-07
   94.5000000       1.41506092E-07
   94.7500000       1.44706348E-07
   95.0000000       1.43477351E-07
   95.2500000       1.39351386E-07
   95.5000000       1.33213220E-07
   95.7500000       1.25479374E-07
   96.0000000       1.16724912E-07
   96.2500000       1.07806230E-07
   96.5000000       9.93898510E-08
   96.7500000       9.15106284E-08
   97.0000000       8.37686969E-08
   97.2500000       7.59580985E-08
   97.5000000       6.83086654E-08
   97.7500000       6.11062276E-08
   98.0000000       5.42803278E-08
   98.2500000       4.73491397E-08
   98.5000000       3.95803426E-08
   98.7500000       3.02450331E-08
   99.0000000       1.89013551E-08
   99.2500000       5.48781731E-09
   99.5000000      -9.80356241E-09
   99.7500000      -2.65711719E-08
   100.000000      -4.40732393E-08
   100.250000      -6.12115798E-08
   100.500000      -7.67711654E-08
   100.750000      -8.97476937E-08
   101.000000      -9.96147875E-08
   101.250000      -1.06440211E-07
   101.500000      -1.10737446E-07
   101.750000      -1.13119711E-07
   102.000000      -1.14057073E-07
   102.250000      -1.13886720E-07
   102.500000      -1.12849094E-07
   102.750000      -1.10924539E-07
   103.000000      -1.07671752E-07
   103.250000      -1.02456752E-07
   103.500000      -9.50165600E-08
   103.750000      -8.57993285E-08
   104.000000      -7.57176792E-08
   104.250000      -6.55930279E-08
   104.500000      -5.58076145E-08
   104.750000      -4.63436791E-08
   105.000000      -3.70152868E-08
   105.250000      -2.76706960E-08
   105.500000      -1.83714981E-08
   105.750000      -9.62174873E-09
   106.000000      -2.44840148E-09
   106.250000       1.96170480E-09
   106.500000       2.89346369E-09
   106.750000       4.46905957E-10
   107.000000      -4.60873295E-09
   107.250000      -1.11828626E-08
   107.500000      -1.82014102E-08
   107.750000      -2.49164529E-08
   108.000000      -3.10639834E-08
   108.250000      -3.67461155E-08
   108.500000      -4.21557012E-08
   108.750000      -4.73297206E-08
   109.000000      -5.20188479E-08
   109.250000      -5.57686519E-08
   109.500000      -5.82409072E-08
   109.750000      -5.95488849E-08
   110.000000      -6.03054318E-08
   110.250000      -6.13472650E-08
   110.500000      -6.33657251E-08
   110.750000      -6.66486670E-08
   111.000000      -7.09487722E-08
   111.250000      -7.54687051E-08
   111.500000      -7.91023069E-08
   111.750000      -8.09581877E-08
   112.000000      -8.07971077E-08
   112.250000      -7.89935442E-08
   112.500000      -7.61340715E-08
   112.750000      -7.26534495E-08
   113.000000      -6.86861270E-08
   113.250000      -6.41045901E-08
   113.500000      -5.86971751E-08
   113.750000      -5.23922807E-08
   114.000000      -4.54745432E-08
   114.250000      -3.87871992E-08
   114.500000      -3.36731638E-08
   114.750000      -3.13784376E-08
   115.000000      -3.23141656E-08
   115.250000      -3.59215164E-08
   115.500000      -4.11287004E-08
   115.750000      -4.67675036E-08
   116.000000      -5.17776826E-08
   116.250000      -5.54401112E-08
   116.500000      -5.75378714E-08
   116.750000      -5.82262238E-08
   117.000000      -5.77394772E-08
   117.250000      -5.61007063E-08
   117.500000      -5.28990576E-08
   117.750000      -4.74059156E-08
   118.000000      -3.91469399E-08
   118.250000      -2.84209456E-08
   118.500000      -1.62567950E-08
   118.750000      -3.96634636E-09
   119.000000       7.32192218E-09
   119.250000       1.69906436E-08
   119.500000       2.49803769E-08
   119.750000       3.14851825E-08
   120.000000       3.66003299E-08
   120.250000       4.02595361E-08
   120.500000       4.23929478E-08
   120.750000       4.30534683E-08
   121.000000       4.24286597E-08
   121.250000       4.08291072E-08
   121.500000       3.87722778E-08
   121.750000       3.70859929E-08
   122.000000       3.67159707E-08
   122.250000       3.82130558E-08
   122.500000       4.14623500E-08
   122.750000       4.60255940E-08
   123.000000       5.16560554E-08
   123.250000       5.84527555E-08
   123.500000       6.66566251E-08
   123.750000       7.62167716E-08
   124.000000       8.64010659E-08
   124.250000       9.62974838E-08
   124.500000       1.06068299E-07
   124.750000       1.16430272E-07
   125.000000       1.25831491E-07
   125.250000       1.31042981E-07
   125.500000       1.33411916E-07
   125.750000       1.38578699E-07
   126.000000       1.43570958E-07
   126.250000       1.37124061E-07
   126.500000       1.27225263E-07
   126.750000       1.40032768E-07
   127.000000       1.60288437E-07
   127.250000       1.33021373E-07
   127.500000       6.29088959E-08
   127.750000       1.25315607E-08
