5.419586557309230557e-08
9.845637549688035506e-08
7.637162724449808593e-08
6.970975618969532661e-08
5.222391052939201472e-08
4.817102450260790647e-08
4.439933576350085787e-08
5.059428787035358255e-08
5.899629940131490002e-08
7.247031419410632225e-08
8.491067404747809633e-08
9.364003972223144956e-08
9.628771380221223808e-08
9.219960617201650166e-08
8.447227628494147211e-08
7.473098406762801460e-08
6.831371734961066977e-08
6.502504135141862207e-08
6.593575818669705768e-08
6.834456200977001572e-08
7.367565046934032580e-08
8.055451417021686211e-08
9.001079348536222824e-08
1.008908725452783983e-07
1.135162435161873873e-07
1.260537203506828519e-07
1.346355134046461899e-07
1.355840026917576324e-07
1.282514574540982721e-07
1.149378903164688381e-07
9.813530965629979619e-08
7.973275728545559105e-08
6.202191116244648583e-08
4.718883417353936238e-08
3.849568130931402266e-08
4.410421539091657905e-08
7.239192001406991039e-08
1.167718863825939479e-07
1.537784442007250618e-07
1.686671993184063467e-07
1.818534371977875708e-07
2.413450204130640486e-07
3.808409871908224886e-07
6.007910542393801734e-07
9.311651751886529382e-07
1.492484898335533217e-06
2.415486051177140325e-06
3.672694447232061066e-06
5.047827016824157909e-06
6.366405159496935084e-06
7.703010851400904357e-06
9.181168934446759522e-06
1.065347987605491653e-05
1.182028790935873985e-05
1.256618998013436794e-05
1.295809579460183159e-05
1.301707743550650775e-05
1.268389405595371500e-05
1.196413995785405859e-05
1.099255678127519786e-05
9.953827429853845388e-06
8.979338417702820152e-06
8.108755537250544876e-06
7.317862127820262685e-06
6.577533895324449986e-06
5.887627139600226656e-06
5.269981102173915133e-06
4.737721155834151432e-06
4.225246357236756012e-06
3.587457513276604004e-06
2.752872660494176671e-06
1.787090013749548234e-06
7.283603054020204581e-07
-5.214125167185557075e-07
-2.029255256275064312e-06
-3.600830723371473141e-06
-4.871934379480080679e-06
-5.674700332747306675e-06
-6.189115083543583751e-06
-6.718263648508582264e-06
-7.416547305183485150e-06
-8.227751095546409488e-06
-9.026013685797806829e-06
-9.759943168319296092e-06
-1.041662562784040347e-05
-1.093074388336390257e-05
-1.124450409406563267e-05
-1.142835662903962657e-05
-1.162968237622408196e-05
-1.188741498481249437e-05
-1.209820675285300240e-05
-1.216528380609815940e-05
-1.206229171657469124e-05
-1.178729507955722511e-05
-1.139919550041668117e-05
-1.103640897781588137e-05
-1.077675278793321922e-05
-1.056764085660688579e-05
-1.034748856909573078e-05
-1.010881624097237363e-05
-9.838840924203395844e-06
-9.548279194859787822e-06
-9.313872396887745708e-06
-9.123456038651056588e-06
-8.761502613197080791e-06
-8.013405022211372852e-06
-6.896658760524587706e-06
-5.596723440248752013e-06
-4.320365860621677712e-06
-3.271677087468560785e-06
-2.572335688455495983e-06
-2.132942654498037882e-06
-1.719909619168902282e-06
-1.148700562225712929e-06
-3.953224450015113689e-07
4.252815983818436507e-07
1.196655034618743230e-06
1.892103227874031290e-06
2.486363200659980066e-06
2.895075567721505649e-06
3.113269258392392658e-06
3.273281208748812787e-06
3.439923375481157564e-06
3.497687430353835225e-06
3.336335339554352686e-06
3.022583541678613983e-06
2.740853688010247424e-06
2.632237283251015469e-06
2.706184886847040616e-06
2.894289991672849283e-06
3.153557827317854390e-06
3.468940349193871953e-06
3.790782102441880852e-06
4.030370291729923338e-06
4.108847406314453110e-06
4.004781203548191115e-06
3.775124923777184449e-06
3.490825065455283038e-06
3.128612888758652844e-06
2.628733227538759820e-06
2.068880576189258136e-06
1.630489464332640637e-06
1.398952690578880720e-06
1.320710680374759249e-06
1.332813894805440214e-06
1.447551426281279419e-06
1.700085249467520043e-06
2.080354761346825399e-06
2.543130904086865485e-06
2.988265805470291525e-06
3.259998266003094614e-06
3.314223022243822925e-06
3.299189756944542751e-06
3.335174142193864100e-06
3.339830300319590606e-06
3.191141559000243433e-06
2.939120349765289575e-06
2.725821786953019910e-06
2.592135388113092631e-06
2.484667447788524441e-06
2.392392616457073018e-06
2.368704144828370772e-06
2.420083774268277921e-06
2.471860398145508952e-06
2.446813596179708838e-06
2.275840188303845935e-06
1.895766558845934924e-06
1.357461769657675177e-06
8.386458034692623187e-07
4.459801346001768252e-07
1.093017161224452138e-07
-2.649519217357010348e-07
-6.536841965498751961e-07
-9.905394335874007083e-07
-1.279417347177513875e-06
-1.544754923088476062e-06
-1.737585648697859142e-06
-1.801157395675545558e-06
-1.772881887518451549e-06
-1.733122189762070775e-06
-1.669384801061823964e-06
-1.546941575725213625e-06
-1.352825734102225397e-06
-1.213449650094844401e-06
-1.178243337562889792e-06
-1.169951815427339170e-06
-1.010265350487316027e-06
-7.083210675773443654e-07
-3.436998383676836966e-07
1.124910831151737511e-08
3.516383344503992703e-07
6.369221523527812678e-07
7.889198627708537970e-07
8.546634830963739660e-07
8.493722702951345127e-07
9.582424809195799753e-07
1.047073737936443649e-06
1.208617618431162555e-06
1.111925939767388627e-06
1.262259957002243027e-06
7.062992040118842851e-07